seed,scenario,episode,step,algo_mode,reward_mode,slice_id,slice,throughput_mbps,dTxBytes,dRxBytes,bufferBytes_mean,bufferBytes_max,plr_pct,pdr_pct,dLostPackets,resourceSharePct,action_embb,action_urllc,action_mtc,scheduler_id,scheduler_name,raw_action,reward,resource_efficiency,need_allocation_match,over_allocation,under_allocation,action_smoothness_penalty,resource_efficient_shaping,outage_flag,soft_flag,terminated,truncated,sim_id
1,normal,47,1,continuous,paper,0,eMBB,4.8896,91680.0,6112.0,1537.0,1537.0,93.334,6.665999999999997,56.0,51.06,51.06467450046128,27.61858154521991,21.316743954318806,-1,PF(default),"[0.6831408739089966, -0.8243160247802734, -0.7777493000030518]",0.39870803243511704,0.03725315975510117,0.8635638488581522,0.07643615114184782,0.10643615114184782,0.28698207314291163,0.0,False,False,False,False,6a157b42-6614-43b4-b406-86ab4d10b60e
1,normal,47,1,continuous,paper,1,URLLC,0.0,1950.0,0.0,87.0,87.0,100.0,0.0,25.0,27.619999999999997,51.06467450046128,27.61858154521991,21.316743954318806,-1,PF(default),"[0.6831408739089966, -0.8243160247802734, -0.7777493000030518]",0.39870803243511704,0.03725315975510117,0.8635638488581522,0.07643615114184782,0.10643615114184782,0.28698207314291163,0.0,False,False,False,False,6a157b42-6614-43b4-b406-86ab4d10b60e
1,normal,47,1,continuous,paper,2,MTC,0.0,2560.0,0.0,0.0,0.0,100.0,0.0,20.0,21.319999999999997,51.06467450046128,27.61858154521991,21.316743954318806,-1,PF(default),"[0.6831408739089966, -0.8243160247802734, -0.7777493000030518]",0.39870803243511704,0.03725315975510117,0.8635638488581522,0.07643615114184782,0.10643615114184782,0.28698207314291163,0.0,False,False,False,False,6a157b42-6614-43b4-b406-86ab4d10b60e
1,normal,47,2,continuous,paper,0,eMBB,0.0,84040.0,0.0,1537.0,1537.0,100.0,0.0,55.0,40.79,40.791949966761756,33.376987885712914,25.831062147525348,-1,PF(default),"[0.7361223101615906, 0.14632874727249146, 0.07820640504360199]",0.39653509419511707,0.0,0.7631375628382178,0.17686243716178232,0.2068624371617823,0.10272724533699537,0.0,False,False,False,False,6a157b42-6614-43b4-b406-86ab4d10b60e
1,normal,47,2,continuous,paper,1,URLLC,0.0,1950.0,0.0,87.0,87.0,100.0,0.0,25.0,33.38,40.791949966761756,33.376987885712914,25.831062147525348,-1,PF(default),"[0.7361223101615906, 0.14632874727249146, 0.07820640504360199]",0.39653509419511707,0.0,0.7631375628382178,0.17686243716178232,0.2068624371617823,0.10272724533699537,0.0,False,False,False,False,6a157b42-6614-43b4-b406-86ab4d10b60e
1,normal,47,2,continuous,paper,2,MTC,0.0,3840.0,0.0,0.0,0.0,100.0,0.0,30.0,25.82999999999999,40.791949966761756,33.376987885712914,25.831062147525348,-1,PF(default),"[0.7361223101615906, 0.14632874727249146, 0.07820640504360199]",0.39653509419511707,0.0,0.7631375628382178,0.17686243716178232,0.2068624371617823,0.10272724533699537,0.0,False,False,False,False,6a157b42-6614-43b4-b406-86ab4d10b60e
1,normal,47,3,continuous,paper,0,eMBB,0.0,91680.0,0.0,54262.0,54777.0,100.0,0.0,60.0,35.5,35.504854894686225,34.074268109419556,30.420876995894226,-1,PF(default),"[0.8820123076438904, 0.590385913848877, 0.7842899560928345]",0.3774353412586347,0.11147722533444686,0.5556672280792929,0.38433277192070714,0.41433277192070705,0.05287095072075523,0.0,False,False,False,False,6a157b42-6614-43b4-b406-86ab4d10b60e
1,normal,47,3,continuous,paper,1,URLLC,3.8688,1950.0,4836.0,189.4,599.0,20.0,80.0,5.0,34.07,35.504854894686225,34.074268109419556,30.420876995894226,-1,PF(default),"[0.8820123076438904, 0.590385913848877, 0.7842899560928345]",0.3774353412586347,0.11147722533444686,0.5556672280792929,0.38433277192070714,0.41433277192070705,0.05287095072075523,0.0,False,False,False,False,6a157b42-6614-43b4-b406-86ab4d10b60e
1,normal,47,3,continuous,paper,2,MTC,3.8912,2560.0,4864.0,447.7,456.0,20.0,80.0,4.0,30.42000000000001,35.504854894686225,34.074268109419556,30.420876995894226,-1,PF(default),"[0.8820123076438904, 0.590385913848877, 0.7842899560928345]",0.3774353412586347,0.11147722533444686,0.5556672280792929,0.38433277192070714,0.41433277192070705,0.05287095072075523,0.0,False,False,False,False,6a157b42-6614-43b4-b406-86ab4d10b60e
1,normal,47,4,continuous,paper,0,eMBB,0.0,91680.0,0.0,54262.0,54777.0,100.0,0.0,60.0,27.559999999999995,27.563226816413366,40.11994795488549,32.31682522870114,-1,PF(default),"[-0.377658486366272, 0.23545317351818085, 0.17722336947917938]",0.3767434858986347,0.0,0.5885934337522298,0.35140656624777017,0.38140656624777014,0.07941628078272853,0.0,False,False,False,False,6a157b42-6614-43b4-b406-86ab4d10b60e
1,normal,47,4,continuous,paper,1,URLLC,0.0,1950.0,0.0,189.4,599.0,100.0,0.0,25.0,40.12,27.563226816413366,40.11994795488549,32.31682522870114,-1,PF(default),"[-0.377658486366272, 0.23545317351818085, 0.17722336947917938]",0.3767434858986347,0.0,0.5885934337522298,0.35140656624777017,0.38140656624777014,0.07941628078272853,0.0,False,False,False,False,6a157b42-6614-43b4-b406-86ab4d10b60e
1,normal,47,4,continuous,paper,2,MTC,0.0,3840.0,0.0,447.7,456.0,100.0,0.0,30.0,32.32,27.563226816413366,40.11994795488549,32.31682522870114,-1,PF(default),"[-0.377658486366272, 0.23545317351818085, 0.17722336947917938]",0.3767434858986347,0.0,0.5885934337522298,0.35140656624777017,0.38140656624777014,0.07941628078272853,0.0,False,False,False,False,6a157b42-6614-43b4-b406-86ab4d10b60e
1,normal,47,5,continuous,paper,0,eMBB,0.0,84040.0,0.0,95807.2,97629.0,100.0,0.0,55.0,37.81,37.80919337422012,38.396062845959364,23.79474377982051,-1,PF(default),"[-0.21250088512897491, -0.35172954201698303, -0.9163322448730469]",-0.3333,0.021658279235763765,0.6465572444629633,0.2934427555370368,0.32344275553703683,0.10245966557806757,0.0,True,False,False,False,6a157b42-6614-43b4-b406-86ab4d10b60e
1,normal,47,5,continuous,paper,1,URLLC,0.3744,1950.0,468.0,675.0,903.0,76.0,24.0,19.0,38.4,37.80919337422012,38.396062845959364,23.79474377982051,-1,PF(default),"[-0.21250088512897491, -0.35172954201698303, -0.9163322448730469]",-0.3333,0.021658279235763765,0.6465572444629633,0.2934427555370368,0.32344275553703683,0.10245966557806757,0.0,False,False,False,False,6a157b42-6614-43b4-b406-86ab4d10b60e
1,normal,47,5,continuous,paper,2,MTC,0.0,2560.0,0.0,1102.2,1247.0,100.0,0.0,20.0,23.789999999999996,37.80919337422012,38.396062845959364,23.79474377982051,-1,PF(default),"[-0.21250088512897491, -0.35172954201698303, -0.9163322448730469]",-0.3333,0.021658279235763765,0.6465572444629633,0.2934427555370368,0.32344275553703683,0.10245966557806757,0.0,False,False,False,False,6a157b42-6614-43b4-b406-86ab4d10b60e
1,normal,47,6,continuous,paper,0,eMBB,2.4448,91680.0,3056.0,112365.0,114061.0,96.668,3.3319999999999936,58.0,25.44,25.439242525519635,54.77067238819957,19.790085086280797,-1,PF(default),"[-0.6740460395812988, 0.7029078006744385, -0.9809982776641846]",-0.3333,0.11106099588987729,0.4662984186013809,0.47370158139861906,0.5037015813986191,0.16374609542240204,0.0,True,False,False,False,6a157b42-6614-43b4-b406-86ab4d10b60e
1,normal,47,6,continuous,paper,1,URLLC,1.9968000000000001,1950.0,2496.0,103.4,169.0,40.0,60.0,10.0,54.77,25.439242525519635,54.77067238819957,19.790085086280797,-1,PF(default),"[-0.6740460395812988, 0.7029078006744385, -0.9809982776641846]",-0.3333,0.11106099588987729,0.4662984186013809,0.47370158139861906,0.5037015813986191,0.16374609542240204,0.0,False,False,False,False,6a157b42-6614-43b4-b406-86ab4d10b60e
1,normal,47,6,continuous,paper,2,MTC,8.192,3840.0,10240.0,516.4,1553.0,20.0,80.0,6.0,19.789999999999996,25.439242525519635,54.77067238819957,19.790085086280797,-1,PF(default),"[-0.6740460395812988, 0.7029078006744385, -0.9809982776641846]",-0.3333,0.11106099588987729,0.4662984186013809,0.47370158139861906,0.5037015813986191,0.16374609542240204,0.0,False,False,False,False,6a157b42-6614-43b4-b406-86ab4d10b60e
1,normal,47,7,continuous,paper,0,eMBB,2.4448,91680.0,3056.0,126551.4,128313.0,96.668,3.3319999999999936,58.0,39.66,39.661444967054074,36.59779034103601,23.74076469190992,-1,PF(default),"[0.41545194387435913, 0.0893818810582161, -0.37752774357795715]",-0.3333,0.12317157096366138,0.6036412442831073,0.33635875571689267,0.3663587557168927,0.18172882047163563,0.0,True,False,False,False,6a157b42-6614-43b4-b406-86ab4d10b60e
1,normal,47,7,continuous,paper,1,URLLC,1.1856,1950.0,1482.0,74.4,87.0,40.0,60.0,10.0,36.6,39.661444967054074,36.59779034103601,23.74076469190992,-1,PF(default),"[0.41545194387435913, 0.0893818810582161, -0.37752774357795715]",-0.3333,0.12317157096366138,0.6036412442831073,0.33635875571689267,0.3663587557168927,0.18172882047163563,0.0,False,False,False,False,6a157b42-6614-43b4-b406-86ab4d10b60e
1,normal,47,7,continuous,paper,2,MTC,3.2767999999999997,2560.0,4096.0,346.8,1559.0,20.0,80.0,4.0,23.740000000000002,39.661444967054074,36.59779034103601,23.74076469190992,-1,PF(default),"[0.41545194387435913, 0.0893818810582161, -0.37752774357795715]",-0.3333,0.12317157096366138,0.6036412442831073,0.33635875571689267,0.3663587557168927,0.18172882047163563,0.0,False,False,False,False,6a157b42-6614-43b4-b406-86ab4d10b60e
1,normal,47,8,continuous,paper,0,eMBB,3.6672,84040.0,4584.0,141541.6,146962.0,94.546,5.4539999999999935,52.0,25.690000000000005,25.68792803556227,52.32200016984838,21.990071794589348,-1,PF(default),"[-0.7490600347518921, 0.5269191861152649, -0.7906834483146667]",-0.3333,0.08261779592399436,0.49892723697419905,0.441072763025801,0.4710727630258009,0.15724209828812374,0.0,True,False,False,False,6a157b42-6614-43b4-b406-86ab4d10b60e
1,normal,47,8,continuous,paper,1,URLLC,0.6864,1950.0,858.0,100.8,169.0,56.0,44.0,14.0,52.32000000000001,25.68792803556227,52.32200016984838,21.990071794589348,-1,PF(default),"[-0.7490600347518921, 0.5269191861152649, -0.7906834483146667]",-0.3333,0.08261779592399436,0.49892723697419905,0.441072763025801,0.4710727630258009,0.15724209828812374,0.0,False,False,False,False,6a157b42-6614-43b4-b406-86ab4d10b60e
1,normal,47,8,continuous,paper,2,MTC,1.8432000000000002,3840.0,2304.0,392.9,1670.0,39.998,60.002,12.0,21.990000000000002,25.68792803556227,52.32200016984838,21.990071794589348,-1,PF(default),"[-0.7490600347518921, 0.5269191861152649, -0.7906834483146667]",-0.3333,0.08261779592399436,0.49892723697419905,0.441072763025801,0.4710727630258009,0.15724209828812374,0.0,False,False,False,False,6a157b42-6614-43b4-b406-86ab4d10b60e
1,normal,47,9,continuous,paper,0,eMBB,3.6672,91680.0,4584.0,160546.4,164040.0,95.0,5.0,57.0,27.52,27.519602448241677,35.73783227753921,36.742565274219125,-1,PF(default),"[0.12064529955387115, 0.49212363362312317, 0.8891153931617737]",-0.3333,0.09383087767797739,0.48400127739576404,0.4559987226042359,0.48599872260423593,0.16584167892309176,0.0,True,False,False,False,6a157b42-6614-43b4-b406-86ab4d10b60e
1,normal,47,9,continuous,paper,1,URLLC,0.8735999999999999,1950.0,1092.0,117.2,169.0,44.0,56.0,11.0,35.74,27.519602448241677,35.73783227753921,36.742565274219125,-1,PF(default),"[0.12064529955387115, 0.49212363362312317, 0.8891153931617737]",-0.3333,0.09383087767797739,0.48400127739576404,0.4559987226042359,0.48599872260423593,0.16584167892309176,0.0,False,False,False,False,6a157b42-6614-43b4-b406-86ab4d10b60e
1,normal,47,9,continuous,paper,2,MTC,2.4576,2560.0,3072.0,444.0,1883.0,20.0,80.0,4.0,36.74,27.519602448241677,35.73783227753921,36.742565274219125,-1,PF(default),"[0.12064529955387115, 0.49212363362312317, 0.8891153931617737]",-0.3333,0.09383087767797739,0.48400127739576404,0.4559987226042359,0.48599872260423593,0.16584167892309176,0.0,False,False,False,False,6a157b42-6614-43b4-b406-86ab4d10b60e
1,normal,47,10,continuous,paper,0,eMBB,7.3344,91680.0,9168.0,172148.0,180180.0,90.0,10.0,54.0,32.5,32.49933467553259,46.45746297441217,21.043202350055246,-1,PF(default),"[0.4034022390842438, 0.9167598485946655, -0.316493421792984]",-0.3333,0.11333641617560837,0.5840001442963629,0.355999855703637,0.38599985570363693,0.15699362924163873,0.0,True,False,False,False,6a157b42-6614-43b4-b406-86ab4d10b60e
1,normal,47,10,continuous,paper,1,URLLC,0.624,1950.0,780.0,88.2,93.0,60.0,40.0,15.0,46.46,32.49933467553259,46.45746297441217,21.043202350055246,-1,PF(default),"[0.4034022390842438, 0.9167598485946655, -0.316493421792984]",-0.3333,0.11333641617560837,0.5840001442963629,0.355999855703637,0.38599985570363693,0.15699362924163873,0.0,False,False,False,False,6a157b42-6614-43b4-b406-86ab4d10b60e
1,normal,47,10,continuous,paper,2,MTC,1.6384000000000003,3840.0,2048.0,501.2,2033.0,46.663999999999994,53.336000000000006,14.0,21.039999999999996,32.49933467553259,46.45746297441217,21.043202350055246,-1,PF(default),"[0.4034022390842438, 0.9167598485946655, -0.316493421792984]",-0.3333,0.11333641617560837,0.5840001442963629,0.355999855703637,0.38599985570363693,0.15699362924163873,0.0,False,False,False,False,6a157b42-6614-43b4-b406-86ab4d10b60e
1,normal,47,11,continuous,paper,0,eMBB,18.336,84040.0,22920.0,187812.4,194857.0,72.728,27.272000000000006,40.0,44.52,44.51617367950653,33.41174532231028,22.07208099818318,-1,PF(default),"[0.7422155737876892, 0.011471305042505264, -0.41708338260650635]",0.0,0.230099342637691,0.6958281013766654,0.24417189862333463,0.2741718986233346,0.13045717652101885,0.0,False,True,False,False,6a157b42-6614-43b4-b406-86ab4d10b60e
1,normal,47,11,continuous,paper,1,URLLC,0.4992,1950.0,624.0,104.6,169.0,68.0,32.0,17.0,33.41,44.51617367950653,33.41174532231028,22.07208099818318,-1,PF(default),"[0.7422155737876892, 0.011471305042505264, -0.41708338260650635]",0.0,0.230099342637691,0.6958281013766654,0.24417189862333463,0.2741718986233346,0.13045717652101885,0.0,False,False,False,False,6a157b42-6614-43b4-b406-86ab4d10b60e
1,normal,47,11,continuous,paper,2,MTC,1.6384000000000003,2560.0,2048.0,449.9,1983.0,20.0,80.0,4.0,22.069999999999997,44.51617367950653,33.41174532231028,22.07208099818318,-1,PF(default),"[0.7422155737876892, 0.011471305042505264, -0.41708338260650635]",0.0,0.230099342637691,0.6958281013766654,0.24417189862333463,0.2741718986233346,0.13045717652101885,0.0,False,False,False,False,6a157b42-6614-43b4-b406-86ab4d10b60e
1,normal,47,12,continuous,paper,0,eMBB,8.556799999999999,91680.0,10696.0,203087.6,209524.0,88.332,11.668000000000006,53.0,31.920000000000005,31.918931029639296,46.78572495075276,21.29534401960795,-1,PF(default),"[-0.29114261269569397, 0.27188923954963684, -0.9415076375007629]",0.39113893982241477,0.12582533256720654,0.5591459123750514,0.38085408762494855,0.41085408762494857,0.13373979628442473,0.0,False,False,False,False,6a157b42-6614-43b4-b406-86ab4d10b60e
1,normal,47,12,continuous,paper,1,URLLC,0.624,1950.0,780.0,137.4,333.0,60.0,40.0,15.0,46.79,31.918931029639296,46.78572495075276,21.29534401960795,-1,PF(default),"[-0.29114261269569397, 0.27188923954963684, -0.9415076375007629]",0.39113893982241477,0.12582533256720654,0.5591459123750514,0.38085408762494855,0.41085408762494857,0.13373979628442473,0.0,False,False,False,False,6a157b42-6614-43b4-b406-86ab4d10b60e
1,normal,47,12,continuous,paper,2,MTC,2.4576,3840.0,3072.0,617.3,3179.0,20.0,80.0,6.0,21.300000000000004,31.918931029639296,46.78572495075276,21.29534401960795,-1,PF(default),"[-0.29114261269569397, 0.27188923954963684, -0.9415076375007629]",0.39113893982241477,0.12582533256720654,0.5591459123750514,0.38085408762494855,0.41085408762494857,0.13373979628442473,0.0,False,False,False,False,6a157b42-6614-43b4-b406-86ab4d10b60e
1,normal,47,13,continuous,paper,0,eMBB,11.0016,91680.0,13752.0,218437.6,233813.0,85.0,15.0,51.0,43.55,43.552623533287424,36.927312460875896,19.520064005836694,-1,PF(default),"[0.7317577600479126, 0.26902011036872864, -0.7377709746360779]",0.38677199445926036,0.18631557104473004,0.672463069828295,0.26753693017170505,0.2975369301717051,0.11633692503648124,0.0,False,False,False,False,6a157b42-6614-43b4-b406-86ab4d10b60e
1,normal,47,13,continuous,paper,1,URLLC,0.7488,1950.0,936.0,182.0,474.0,60.0,40.0,15.0,36.93,43.552623533287424,36.927312460875896,19.520064005836694,-1,PF(default),"[0.7317577600479126, 0.26902011036872864, -0.7377709746360779]",0.38677199445926036,0.18631557104473004,0.672463069828295,0.26753693017170505,0.2975369301717051,0.11633692503648124,0.0,False,False,False,False,6a157b42-6614-43b4-b406-86ab4d10b60e
1,normal,47,13,continuous,paper,2,MTC,2.2527999999999997,2560.0,2816.0,546.6,3084.0,20.0,80.0,4.0,19.520000000000003,43.552623533287424,36.927312460875896,19.520064005836694,-1,PF(default),"[0.7317577600479126, 0.26902011036872864, -0.7377709746360779]",0.38677199445926036,0.18631557104473004,0.672463069828295,0.26753693017170505,0.2975369301717051,0.11633692503648124,0.0,False,False,False,False,6a157b42-6614-43b4-b406-86ab4d10b60e
1,normal,47,14,continuous,paper,0,eMBB,15.891199999999998,84040.0,19864.0,227536.6,236959.0,76.364,23.635999999999996,42.0,35.61,35.613183847220895,32.90913009684851,31.477686055930594,-1,PF(default),"[0.6273050308227539, 0.24353176355361938, 0.5838644504547119]",0.0,0.20703126376445447,0.6102671638414245,0.3297328361585754,0.35973283615857543,0.11957622050093902,0.0,False,True,False,False,6a157b42-6614-43b4-b406-86ab4d10b60e
1,normal,47,14,continuous,paper,1,URLLC,1.0608,1950.0,1326.0,165.6,474.0,40.0,60.0,10.0,32.91,35.613183847220895,32.90913009684851,31.477686055930594,-1,PF(default),"[0.6273050308227539, 0.24353176355361938, 0.5838644504547119]",0.0,0.20703126376445447,0.6102671638414245,0.3297328361585754,0.35973283615857543,0.11957622050093902,0.0,False,False,False,False,6a157b42-6614-43b4-b406-86ab4d10b60e
1,normal,47,14,continuous,paper,2,MTC,1.8432000000000002,3840.0,2304.0,290.6,1453.0,39.998,60.002,12.0,31.48,35.613183847220895,32.90913009684851,31.477686055930594,-1,PF(default),"[0.6273050308227539, 0.24353176355361938, 0.5838644504547119]",0.0,0.20703126376445447,0.6102671638414245,0.3297328361585754,0.35973283615857543,0.11957622050093902,0.0,False,False,False,False,6a157b42-6614-43b4-b406-86ab4d10b60e
1,normal,47,15,continuous,paper,0,eMBB,9.7792,91680.0,12224.0,244965.6,264031.0,86.666,13.334000000000003,52.0,30.29,30.294991088596333,38.944766411882604,30.760242499521063,-1,PF(default),"[-0.2822742164134979, 0.046980906277894974, -0.03662693500518799]",0.36955193646242734,0.16584582378544704,0.5183069331357724,0.4216930668642276,0.4516930668642276,0.06035636315034096,0.0,False,False,False,False,6a157b42-6614-43b4-b406-86ab4d10b60e
1,normal,47,15,continuous,paper,1,URLLC,1.6223999999999998,1950.0,2028.0,255.2,922.0,40.0,60.0,10.0,38.94,30.294991088596333,38.944766411882604,30.760242499521063,-1,PF(default),"[-0.2822742164134979, 0.046980906277894974, -0.03662693500518799]",0.36955193646242734,0.16584582378544704,0.5183069331357724,0.4216930668642276,0.4516930668642276,0.06035636315034096,0.0,False,False,False,False,6a157b42-6614-43b4-b406-86ab4d10b60e
1,normal,47,15,continuous,paper,2,MTC,2.4576,2560.0,3072.0,131.2,137.0,20.0,80.0,4.0,30.759999999999998,30.294991088596333,38.944766411882604,30.760242499521063,-1,PF(default),"[-0.2822742164134979, 0.046980906277894974, -0.03662693500518799]",0.36955193646242734,0.16584582378544704,0.5183069331357724,0.4216930668642276,0.4516930668642276,0.06035636315034096,0.0,False,False,False,False,6a157b42-6614-43b4-b406-86ab4d10b60e
1,normal,47,16,continuous,paper,0,eMBB,4.8896,91680.0,6112.0,258726.0,271402.0,93.334,6.665999999999997,56.0,37.14,37.137838387355266,25.47194434685781,37.39021726578692,-1,PF(default),"[0.6108663082122803, -0.7085987329483032, 0.7721191644668579]",0.3782670492867916,0.09404161988867155,0.6002761623772265,0.3397238376227735,0.3697238376227736,0.13472822065024792,0.0,False,False,False,False,6a157b42-6614-43b4-b406-86ab4d10b60e
1,normal,47,16,continuous,paper,1,URLLC,0.624,1950.0,780.0,212.0,624.0,60.0,40.0,15.0,25.47,37.137838387355266,25.47194434685781,37.39021726578692,-1,PF(default),"[0.6108663082122803, -0.7085987329483032, 0.7721191644668579]",0.3782670492867916,0.09404161988867155,0.6002761623772265,0.3397238376227735,0.3697238376227736,0.13472822065024792,0.0,False,False,False,False,6a157b42-6614-43b4-b406-86ab4d10b60e
1,normal,47,16,continuous,paper,2,MTC,1.6384000000000003,3840.0,2048.0,130.0,137.0,46.663999999999994,53.336000000000006,14.0,37.38999999999999,37.137838387355266,25.47194434685781,37.39021726578692,-1,PF(default),"[0.6108663082122803, -0.7085987329483032, 0.7721191644668579]",0.3782670492867916,0.09404161988867155,0.6002761623772265,0.3397238376227735,0.3697238376227736,0.13472822065024792,0.0,False,False,False,False,6a157b42-6614-43b4-b406-86ab4d10b60e
1,normal,47,17,continuous,paper,0,eMBB,13.4464,84040.0,16808.0,271039.6,286048.0,80.0,20.0,44.0,42.85,42.851251372141476,36.05707372013669,21.09167490772184,-1,PF(default),"[0.3837372064590454, -0.10534782707691193, -0.8329435586929321]",0.3821789315267916,0.19436099380369912,0.6549591517330612,0.2850408482669389,0.3150408482669388,0.16298542358065088,0.0,False,False,False,False,6a157b42-6614-43b4-b406-86ab4d10b60e
1,normal,47,17,continuous,paper,1,URLLC,0.624,1950.0,780.0,195.6,624.0,60.0,40.0,15.0,36.06,42.851251372141476,36.05707372013669,21.09167490772184,-1,PF(default),"[0.3837372064590454, -0.10534782707691193, -0.8329435586929321]",0.3821789315267916,0.19436099380369912,0.6549591517330612,0.2850408482669389,0.3150408482669388,0.16298542358065088,0.0,False,False,False,False,6a157b42-6614-43b4-b406-86ab4d10b60e
1,normal,47,17,continuous,paper,2,MTC,2.2527999999999997,2560.0,2816.0,111.4,137.0,20.0,80.0,4.0,21.09,42.851251372141476,36.05707372013669,21.09167490772184,-1,PF(default),"[0.3837372064590454, -0.10534782707691193, -0.8329435586929321]",0.3821789315267916,0.19436099380369912,0.6549591517330612,0.2850408482669389,0.3150408482669388,0.16298542358065088,0.0,False,False,False,False,6a157b42-6614-43b4-b406-86ab4d10b60e
1,normal,47,18,continuous,paper,0,eMBB,7.3344,91680.0,9168.0,280071.2,297658.0,90.0,10.0,54.0,32.4,32.401974852710325,39.611034490658895,27.986990656630788,-1,PF(default),"[0.40302157402038574, 0.6231009364128113, 0.33158475160598755]",0.37938993184679165,0.10093898679660447,0.5593297380955948,0.38067026190440517,0.41067026190440514,0.10449276519431154,0.0,False,False,False,False,6a157b42-6614-43b4-b406-86ab4d10b60e
1,normal,47,18,continuous,paper,1,URLLC,0.4992,1950.0,624.0,195.6,624.0,68.0,32.0,17.0,39.61,32.401974852710325,39.611034490658895,27.986990656630788,-1,PF(default),"[0.40302157402038574, 0.6231009364128113, 0.33158475160598755]",0.37938993184679165,0.10093898679660447,0.5593297380955948,0.38067026190440517,0.41067026190440514,0.10449276519431154,0.0,False,False,False,False,6a157b42-6614-43b4-b406-86ab4d10b60e
1,normal,47,18,continuous,paper,2,MTC,1.8432000000000002,3840.0,2304.0,163.2,399.0,39.998,60.002,12.0,27.990000000000002,32.401974852710325,39.611034490658895,27.986990656630788,-1,PF(default),"[0.40302157402038574, 0.6231009364128113, 0.33158475160598755]",0.37938993184679165,0.10093898679660447,0.5593297380955948,0.38067026190440517,0.41067026190440514,0.10449276519431154,0.0,False,False,False,False,6a157b42-6614-43b4-b406-86ab4d10b60e
1,normal,47,19,continuous,paper,0,eMBB,8.556799999999999,91680.0,10696.0,303672.0,325968.0,88.332,11.668000000000006,53.0,35.72,35.720147079781924,36.77472301422151,27.50512990599657,-1,PF(default),"[0.040845345705747604, -0.08661873638629913, -0.25535568594932556]",0.37989675296679165,0.11986783261213586,0.5708726673569405,0.3691273326430594,0.39912733264305955,0.03318172227071606,0.0,False,False,False,False,6a157b42-6614-43b4-b406-86ab4d10b60e
1,normal,47,19,continuous,paper,1,URLLC,0.624,1950.0,780.0,195.6,624.0,60.0,40.0,15.0,36.77,35.720147079781924,36.77472301422151,27.50512990599657,-1,PF(default),"[0.040845345705747604, -0.08661873638629913, -0.25535568594932556]",0.37989675296679165,0.11986783261213586,0.5708726673569405,0.3691273326430594,0.39912733264305955,0.03318172227071606,0.0,False,False,False,False,6a157b42-6614-43b4-b406-86ab4d10b60e
1,normal,47,19,continuous,paper,2,MTC,1.6384000000000003,2560.0,2048.0,131.3,137.0,20.0,80.0,4.0,27.509999999999998,35.720147079781924,36.77472301422151,27.50512990599657,-1,PF(default),"[0.040845345705747604, -0.08661873638629913, -0.25535568594932556]",0.37989675296679165,0.11986783261213586,0.5708726673569405,0.3691273326430594,0.39912733264305955,0.03318172227071606,0.0,False,False,False,False,6a157b42-6614-43b4-b406-86ab4d10b60e
1,normal,47,20,continuous,paper,0,eMBB,4.8896,84040.0,6112.0,322099.6,356980.0,92.728,7.272000000000006,51.0,25.43,25.425854565629468,48.34572840255275,26.22841703181778,-1,PF(default),"[-0.4326571226119995, 0.7415257692337036, -0.04623370245099068]",0.3784127030467916,0.08439438359090083,0.4605146461999472,0.47948535380005275,0.5094853538000528,0.11571005388331243,0.0,False,False,False,False,6a157b42-6614-43b4-b406-86ab4d10b60e
1,normal,47,20,continuous,paper,1,URLLC,0.7488,1950.0,936.0,195.6,624.0,60.0,40.0,15.0,48.35,25.425854565629468,48.34572840255275,26.22841703181778,-1,PF(default),"[-0.4326571226119995, 0.7415257692337036, -0.04623370245099068]",0.3784127030467916,0.08439438359090083,0.4605146461999472,0.47948535380005275,0.5094853538000528,0.11571005388331243,0.0,False,False,False,False,6a157b42-6614-43b4-b406-86ab4d10b60e
1,normal,47,20,continuous,paper,2,MTC,2.4576,3840.0,3072.0,137.0,137.0,20.0,80.0,6.0,26.229999999999997,25.425854565629468,48.34572840255275,26.22841703181778,-1,PF(default),"[-0.4326571226119995, 0.7415257692337036, -0.04623370245099068]",0.3784127030467916,0.08439438359090083,0.4605146461999472,0.47948535380005275,0.5094853538000528,0.11571005388331243,0.0,False,False,False,False,6a157b42-6614-43b4-b406-86ab4d10b60e
1,normal,47,21,continuous,paper,0,eMBB,6.112,91680.0,7640.0,331927.0,368213.0,91.668,8.331999999999994,55.0,36.32,36.321203112771784,35.498060077485086,28.180736809743134,-1,PF(default),"[0.23248450458049774, -0.005193604156374931, -0.048195723444223404]",-0.3333,0.10986743119915302,0.5656112892233656,0.37438871077663444,0.4043887107766344,0.12847668325067668,0.0,True,False,False,False,6a157b42-6614-43b4-b406-86ab4d10b60e
1,normal,47,21,continuous,paper,1,URLLC,0.624,1950.0,780.0,195.6,624.0,60.0,40.0,15.0,35.5,36.321203112771784,35.498060077485086,28.180736809743134,-1,PF(default),"[0.23248450458049774, -0.005193604156374931, -0.048195723444223404]",-0.3333,0.10986743119915302,0.5656112892233656,0.37438871077663444,0.4043887107766344,0.12847668325067668,0.0,False,False,False,False,6a157b42-6614-43b4-b406-86ab4d10b60e
1,normal,47,21,continuous,paper,2,MTC,2.4576,2560.0,3072.0,130.6,137.0,20.0,80.0,4.0,28.18,36.321203112771784,35.498060077485086,28.180736809743134,-1,PF(default),"[0.23248450458049774, -0.005193604156374931, -0.048195723444223404]",-0.3333,0.10986743119915302,0.5656112892233656,0.37438871077663444,0.4043887107766344,0.12847668325067668,0.0,False,False,False,False,6a157b42-6614-43b4-b406-86ab4d10b60e
1,normal,47,22,continuous,paper,0,eMBB,9.7792,91680.0,12224.0,342874.4,386000.0,86.666,13.334000000000003,52.0,44.63,44.62818798816727,28.499391689234837,26.87242032259789,-1,PF(default),"[0.48290321230888367, -0.7079911231994629, -0.24252799153327942]",-0.3333,0.1456293146560342,0.686677331489147,0.25332266851085294,0.28332266851085297,0.08306984875395487,0.0,True,False,False,False,6a157b42-6614-43b4-b406-86ab4d10b60e
1,normal,47,22,continuous,paper,1,URLLC,0.624,1950.0,780.0,212.0,624.0,60.0,40.0,15.0,28.5,44.62818798816727,28.499391689234837,26.87242032259789,-1,PF(default),"[0.48290321230888367, -0.7079911231994629, -0.24252799153327942]",-0.3333,0.1456293146560342,0.686677331489147,0.25332266851085294,0.28332266851085297,0.08306984875395487,0.0,False,False,False,False,6a157b42-6614-43b4-b406-86ab4d10b60e
1,normal,47,22,continuous,paper,2,MTC,1.6384000000000003,3840.0,2048.0,190.4,697.0,46.663999999999994,53.336000000000006,14.0,26.869999999999997,44.62818798816727,28.499391689234837,26.87242032259789,-1,PF(default),"[0.48290321230888367, -0.7079911231994629, -0.24252799153327942]",-0.3333,0.1456293146560342,0.686677331489147,0.25332266851085294,0.28332266851085297,0.08306984875395487,0.0,False,False,False,False,6a157b42-6614-43b4-b406-86ab4d10b60e
1,normal,47,23,continuous,paper,0,eMBB,6.112,84040.0,7640.0,359843.4,386000.0,90.91,9.090000000000003,50.0,27.160000000000004,27.157706572044628,34.72853062562366,38.113762802331706,-1,PF(default),"[-0.5378661155700684, -0.1987600475549698, 0.3214404284954071]",-0.3333,0.09506887756968989,0.4741377774348461,0.46586222256515397,0.495862222565154,0.1747048141612264,0.0,True,False,False,False,6a157b42-6614-43b4-b406-86ab4d10b60e
1,normal,47,23,continuous,paper,1,URLLC,0.624,1950.0,780.0,195.6,624.0,60.0,40.0,15.0,34.73,27.157706572044628,34.72853062562366,38.113762802331706,-1,PF(default),"[-0.5378661155700684, -0.1987600475549698, 0.3214404284954071]",-0.3333,0.09506887756968989,0.4741377774348461,0.46586222256515397,0.495862222565154,0.1747048141612264,0.0,False,False,False,False,6a157b42-6614-43b4-b406-86ab4d10b60e
1,normal,47,23,continuous,paper,2,MTC,2.4576,2560.0,3072.0,168.0,401.0,20.0,80.0,4.0,38.11000000000001,27.157706572044628,34.72853062562366,38.113762802331706,-1,PF(default),"[-0.5378661155700684, -0.1987600475549698, 0.3214404284954071]",-0.3333,0.09506887756968989,0.4741377774348461,0.46586222256515397,0.495862222565154,0.1747048141612264,0.0,False,False,False,False,6a157b42-6614-43b4-b406-86ab4d10b60e
1,normal,47,24,continuous,paper,0,eMBB,6.112,91680.0,7640.0,377971.4,416799.0,91.666,8.334000000000003,55.0,30.48,30.483509973444633,41.31099123294663,28.20549879360874,-1,PF(default),"[-0.26963838934898376, 0.16357557475566864, -0.19626808166503906]",-0.3333,0.08671869939548107,0.5237161657335254,0.41628383426647453,0.44628383426647456,0.0990826400872297,0.0,True,False,False,False,6a157b42-6614-43b4-b406-86ab4d10b60e
1,normal,47,24,continuous,paper,1,URLLC,0.624,1950.0,780.0,212.0,624.0,60.0,40.0,15.0,41.31,30.483509973444633,41.31099123294663,28.20549879360874,-1,PF(default),"[-0.26963838934898376, 0.16357557475566864, -0.19626808166503906]",-0.3333,0.08671869939548107,0.5237161657335254,0.41628383426647453,0.44628383426647456,0.0990826400872297,0.0,False,False,False,False,6a157b42-6614-43b4-b406-86ab4d10b60e
1,normal,47,24,continuous,paper,2,MTC,1.6384000000000003,3840.0,2048.0,157.3,340.0,46.663999999999994,53.336000000000006,14.0,28.21,30.483509973444633,41.31099123294663,28.20549879360874,-1,PF(default),"[-0.26963838934898376, 0.16357557475566864, -0.19626808166503906]",-0.3333,0.08671869939548107,0.5237161657335254,0.41628383426647453,0.44628383426647456,0.0990826400872297,0.0,False,False,False,False,6a157b42-6614-43b4-b406-86ab4d10b60e
1,normal,47,25,continuous,paper,0,eMBB,7.3344,91680.0,9168.0,393406.8,439288.0,90.0,10.0,54.0,27.8,27.798987324717984,26.415051264550716,45.7859614107313,-1,PF(default),"[-0.2634667158126831, -0.8148220777511597, 0.8062610030174255]",-0.3333,0.13202605466781747,0.48607393176597513,0.4539260682340248,0.48392606823402484,0.1758046261712256,0.0,True,False,False,False,6a157b42-6614-43b4-b406-86ab4d10b60e
1,normal,47,25,continuous,paper,1,URLLC,4.2432,1950.0,5304.0,1440.8,6319.0,48.0,52.0,12.0,26.420000000000005,27.798987324717984,26.415051264550716,45.7859614107313,-1,PF(default),"[-0.2634667158126831, -0.8148220777511597, 0.8062610030174255]",-0.3333,0.13202605466781747,0.48607393176597513,0.4539260682340248,0.48392606823402484,0.1758046261712256,0.0,False,False,False,False,6a157b42-6614-43b4-b406-86ab4d10b60e
1,normal,47,25,continuous,paper,2,MTC,1.6384000000000003,2560.0,2048.0,153.4,401.0,20.0,80.0,4.0,45.790000000000006,27.798987324717984,26.415051264550716,45.7859614107313,-1,PF(default),"[-0.2634667158126831, -0.8148220777511597, 0.8062610030174255]",-0.3333,0.13202605466781747,0.48607393176597513,0.4539260682340248,0.48392606823402484,0.1758046261712256,0.0,False,False,False,False,6a157b42-6614-43b4-b406-86ab4d10b60e
1,normal,47,26,continuous,paper,0,eMBB,7.3344,84040.0,9168.0,406572.8,442022.0,89.092,10.908000000000001,49.0,37.87,37.87147608185901,32.999681022478235,29.12884289566277,-1,PF(default),"[-0.2897571325302124, -0.7791389226913452, -0.5844435691833496]",-0.3333,0.16024405637310565,0.5834181656962729,0.3565818343037271,0.38658183430372717,0.16657118515068534,0.0,True,False,False,False,6a157b42-6614-43b4-b406-86ab4d10b60e
1,normal,47,26,continuous,paper,1,URLLC,1.6848,1950.0,2106.0,1440.8,6319.0,20.0,80.0,5.0,33.0,37.87147608185901,32.999681022478235,29.12884289566277,-1,PF(default),"[-0.2897571325302124, -0.7791389226913452, -0.5844435691833496]",-0.3333,0.16024405637310565,0.5834181656962729,0.3565818343037271,0.38658183430372717,0.16657118515068534,0.0,False,False,False,False,6a157b42-6614-43b4-b406-86ab4d10b60e
1,normal,47,26,continuous,paper,2,MTC,2.4576,3840.0,3072.0,207.1,574.0,20.0,80.0,6.0,29.130000000000003,37.87147608185901,32.999681022478235,29.12884289566277,-1,PF(default),"[-0.2897571325302124, -0.7791389226913452, -0.5844435691833496]",-0.3333,0.16024405637310565,0.5834181656962729,0.3565818343037271,0.38658183430372717,0.16657118515068534,0.0,False,False,False,False,6a157b42-6614-43b4-b406-86ab4d10b60e
1,normal,47,27,continuous,paper,0,eMBB,19.5584,91680.0,24448.0,418439.0,463817.0,73.334,26.665999999999997,44.0,29.809999999999995,29.80756371557379,31.77428828855614,38.41814799587008,-1,PF(default),"[-0.7668134570121765, -0.8767513632774353, -0.12047333270311356]",0.0,0.1874512677538763,0.5187413054913314,0.4212586945086686,0.4512586945086686,0.09289305100207307,0.0,False,True,False,False,6a157b42-6614-43b4-b406-86ab4d10b60e
1,normal,47,27,continuous,paper,1,URLLC,0.8112,1950.0,1014.0,1440.8,6319.0,56.0,44.0,14.0,31.77,29.80756371557379,31.77428828855614,38.41814799587008,-1,PF(default),"[-0.7668134570121765, -0.8767513632774353, -0.12047333270311356]",0.0,0.1874512677538763,0.5187413054913314,0.4212586945086686,0.4512586945086686,0.09289305100207307,0.0,False,False,False,False,6a157b42-6614-43b4-b406-86ab4d10b60e
1,normal,47,27,continuous,paper,2,MTC,2.3552,2560.0,2944.0,173.4,572.0,20.0,80.0,4.0,38.42000000000001,29.80756371557379,31.77428828855614,38.41814799587008,-1,PF(default),"[-0.7668134570121765, -0.8767513632774353, -0.12047333270311356]",0.0,0.1874512677538763,0.5187413054913314,0.4212586945086686,0.4512586945086686,0.09289305100207307,0.0,False,False,False,False,6a157b42-6614-43b4-b406-86ab4d10b60e
1,normal,47,28,continuous,paper,0,eMBB,8.556799999999999,91680.0,10696.0,432975.4,483385.0,88.332,11.668000000000006,53.0,46.67,46.66917246227831,26.58758812127024,26.74323941645146,-1,PF(default),"[0.7373659610748291, -0.7787832021713257, -0.06810109317302704]",0.21674449108185312,0.15728682626045354,0.6918731785361243,0.2481268214638757,0.2781268214638758,0.1686160874670452,0.0,False,False,False,False,6a157b42-6614-43b4-b406-86ab4d10b60e
1,normal,47,28,continuous,paper,1,URLLC,0.9984,1950.0,1248.0,1440.8,6319.0,40.0,60.0,10.0,26.589999999999996,46.66917246227831,26.58758812127024,26.74323941645146,-1,PF(default),"[0.7373659610748291, -0.7787832021713257, -0.06810109317302704]",0.21674449108185312,0.15728682626045354,0.6918731785361243,0.2481268214638757,0.2781268214638758,0.1686160874670452,0.0,False,False,False,False,6a157b42-6614-43b4-b406-86ab4d10b60e
1,normal,47,28,continuous,paper,2,MTC,1.7408000000000003,3840.0,2176.0,188.7,572.0,43.330999999999996,56.669000000000004,13.0,26.740000000000002,46.66917246227831,26.58758812127024,26.74323941645146,-1,PF(default),"[0.7373659610748291, -0.7787832021713257, -0.06810109317302704]",0.21674449108185312,0.15728682626045354,0.6918731785361243,0.2481268214638757,0.2781268214638758,0.1686160874670452,0.0,False,False,False,False,6a157b42-6614-43b4-b406-86ab4d10b60e
1,normal,47,29,continuous,paper,0,eMBB,7.3344,84040.0,9168.0,448272.4,496563.0,89.092,10.908000000000001,49.0,30.6,30.598560711248023,29.070586105405038,40.33085318334694,-1,PF(default),"[-0.14601503312587738, -0.5752785205841064, 0.515367865562439]",0.21632870356185313,0.11376173653516634,0.5139709469466932,0.42602905305330674,0.45602905305330677,0.1607061175103028,0.0,False,False,False,False,6a157b42-6614-43b4-b406-86ab4d10b60e
1,normal,47,29,continuous,paper,1,URLLC,0.6864,1950.0,858.0,1440.8,6319.0,56.0,44.0,14.0,29.07,30.598560711248023,29.070586105405038,40.33085318334694,-1,PF(default),"[-0.14601503312587738, -0.5752785205841064, 0.515367865562439]",0.21632870356185313,0.11376173653516634,0.5139709469466932,0.42602905305330674,0.45602905305330677,0.1607061175103028,0.0,False,False,False,False,6a157b42-6614-43b4-b406-86ab4d10b60e
1,normal,47,29,continuous,paper,2,MTC,2.4576,2560.0,3072.0,209.2,665.0,20.0,80.0,4.0,40.32999999999999,30.598560711248023,29.070586105405038,40.33085318334694,-1,PF(default),"[-0.14601503312587738, -0.5752785205841064, 0.515367865562439]",0.21632870356185313,0.11376173653516634,0.5139709469466932,0.42602905305330674,0.45602905305330677,0.1607061175103028,0.0,False,False,False,False,6a157b42-6614-43b4-b406-86ab4d10b60e
1,normal,47,30,continuous,paper,0,eMBB,7.3344,91680.0,9168.0,460048.2,515474.0,90.0,10.0,54.0,40.03,40.026048702133544,36.29518005244587,23.67877124542058,-1,PF(default),"[0.16122287511825562, -0.19897781312465668, -0.6534626483917236]",0.21618304980185313,0.11247457932378908,0.6247679956182991,0.31523200438170085,0.3452320043817009,0.16652081937926355,0.0,False,False,False,False,6a157b42-6614-43b4-b406-86ab4d10b60e
1,normal,47,30,continuous,paper,1,URLLC,0.624,1950.0,780.0,1457.2,6319.0,60.0,40.0,15.0,36.3,40.026048702133544,36.29518005244587,23.67877124542058,-1,PF(default),"[0.16122287511825562, -0.19897781312465668, -0.6534626483917236]",0.21618304980185313,0.11247457932378908,0.6247679956182991,0.31523200438170085,0.3452320043817009,0.16652081937926355,0.0,False,False,False,False,6a157b42-6614-43b4-b406-86ab4d10b60e
1,normal,47,30,continuous,paper,2,MTC,1.6384000000000003,3840.0,2048.0,143.5,360.0,46.663999999999994,53.336000000000006,14.0,23.680000000000003,40.026048702133544,36.29518005244587,23.67877124542058,-1,PF(default),"[0.16122287511825562, -0.19897781312465668, -0.6534626483917236]",0.21618304980185313,0.11247457932378908,0.6247679956182991,0.31523200438170085,0.3452320043817009,0.16652081937926355,0.0,False,False,False,False,6a157b42-6614-43b4-b406-86ab4d10b60e
1,normal,47,31,continuous,paper,0,eMBB,7.3344,91680.0,9168.0,478474.2,537197.0,90.0,10.0,54.0,26.27,26.274947360866268,51.227659537376965,22.49739310175677,-1,PF(default),"[-0.43292397260665894, 0.7455815076828003, -0.4806153178215027]",-0.3333,0.09808276072329448,0.4709777063950298,0.4690222936049703,0.4990222936049702,0.14932479484931088,0.0,True,False,False,False,6a157b42-6614-43b4-b406-86ab4d10b60e
1,normal,47,31,continuous,paper,1,URLLC,0.624,1950.0,780.0,1783.0,8030.0,60.0,40.0,15.0,51.23,26.274947360866268,51.227659537376965,22.49739310175677,-1,PF(default),"[-0.43292397260665894, 0.7455815076828003, -0.4806153178215027]",-0.3333,0.09808276072329448,0.4709777063950298,0.4690222936049703,0.4990222936049702,0.14932479484931088,0.0,False,False,False,False,6a157b42-6614-43b4-b406-86ab4d10b60e
1,normal,47,31,continuous,paper,2,MTC,2.3552,2560.0,2944.0,147.6,285.0,20.0,80.0,4.0,22.5,26.274947360866268,51.227659537376965,22.49739310175677,-1,PF(default),"[-0.43292397260665894, 0.7455815076828003, -0.4806153178215027]",-0.3333,0.09808276072329448,0.4709777063950298,0.4690222936049703,0.4990222936049702,0.14932479484931088,0.0,False,False,False,False,6a157b42-6614-43b4-b406-86ab4d10b60e
1,normal,47,32,continuous,paper,0,eMBB,7.3344,84040.0,9168.0,491454.8,537197.0,89.092,10.908000000000001,49.0,28.18,28.18369617208455,43.81218522926281,28.00411859865265,-1,PF(default),"[-0.6252446174621582, 0.10098134726285934, -0.3834715783596039]",-0.3333,0.08962847060778587,0.5121377884638458,0.4278622115361542,0.45786221153615414,0.0741547430811416,0.0,True,False,False,False,6a157b42-6614-43b4-b406-86ab4d10b60e
1,normal,47,32,continuous,paper,1,URLLC,0.4992,1950.0,624.0,1783.0,8030.0,68.0,32.0,17.0,43.81,28.18369617208455,43.81218522926281,28.00411859865265,-1,PF(default),"[-0.6252446174621582, 0.10098134726285934, -0.3834715783596039]",-0.3333,0.08962847060778587,0.5121377884638458,0.4278622115361542,0.45786221153615414,0.0741547430811416,0.0,False,False,False,False,6a157b42-6614-43b4-b406-86ab4d10b60e
1,normal,47,32,continuous,paper,2,MTC,1.5360000000000003,3840.0,1920.0,163.4,401.0,49.998,50.002,15.0,28.0,28.18369617208455,43.81218522926281,28.00411859865265,-1,PF(default),"[-0.6252446174621582, 0.10098134726285934, -0.3834715783596039]",-0.3333,0.08962847060778587,0.5121377884638458,0.4278622115361542,0.45786221153615414,0.0741547430811416,0.0,False,False,False,False,6a157b42-6614-43b4-b406-86ab4d10b60e
1,normal,47,33,continuous,paper,0,eMBB,7.3344,91680.0,9168.0,500315.0,543351.0,90.0,10.0,54.0,45.27,45.27295102229569,29.54176063392504,25.185288343779266,-1,PF(default),"[0.704039454460144, -0.3939672112464905, -0.17729303240776062]",-0.3333,0.124322691660994,0.663914626475246,0.27608537352475404,0.30608537352475396,0.17089254850211147,0.0,True,False,False,False,6a157b42-6614-43b4-b406-86ab4d10b60e
1,normal,47,33,continuous,paper,1,URLLC,0.624,1950.0,780.0,1783.0,8030.0,60.0,40.0,15.0,29.54,45.27295102229569,29.54176063392504,25.185288343779266,-1,PF(default),"[0.704039454460144, -0.3939672112464905, -0.17729303240776062]",-0.3333,0.124322691660994,0.663914626475246,0.27608537352475404,0.30608537352475396,0.17089254850211147,0.0,False,False,False,False,6a157b42-6614-43b4-b406-86ab4d10b60e
1,normal,47,33,continuous,paper,2,MTC,1.4336000000000002,2560.0,1792.0,132.0,137.0,30.0,70.0,6.0,25.19,45.27295102229569,29.54176063392504,25.185288343779266,-1,PF(default),"[0.704039454460144, -0.3939672112464905, -0.17729303240776062]",-0.3333,0.124322691660994,0.663914626475246,0.27608537352475404,0.30608537352475396,0.17089254850211147,0.0,False,False,False,False,6a157b42-6614-43b4-b406-86ab4d10b60e
1,normal,47,34,continuous,paper,0,eMBB,7.3344,91680.0,9168.0,511958.8,562437.0,90.0,10.0,54.0,32.72,32.71700387017976,39.85602952124619,27.42696660857406,-1,PF(default),"[0.3647885322570801, 0.5774625539779663, 0.23455972969532013]",-0.3333,0.10906446193447412,0.5430672584091272,0.3969327415908728,0.4269327415908728,0.12555947152115937,0.0,True,False,False,False,6a157b42-6614-43b4-b406-86ab4d10b60e
1,normal,47,34,continuous,paper,1,URLLC,0.7488,1950.0,936.0,1799.4,8030.0,60.0,40.0,15.0,39.86,32.71700387017976,39.85602952124619,27.42696660857406,-1,PF(default),"[0.3647885322570801, 0.5774625539779663, 0.23455972969532013]",-0.3333,0.10906446193447412,0.5430672584091272,0.3969327415908728,0.4269327415908728,0.12555947152115937,0.0,False,False,False,False,6a157b42-6614-43b4-b406-86ab4d10b60e
1,normal,47,34,continuous,paper,2,MTC,2.1504,3840.0,2688.0,176.6,533.0,30.0,70.0,9.0,27.43,32.71700387017976,39.85602952124619,27.42696660857406,-1,PF(default),"[0.3647885322570801, 0.5774625539779663, 0.23455972969532013]",-0.3333,0.10906446193447412,0.5430672584091272,0.3969327415908728,0.4269327415908728,0.12555947152115937,0.0,False,False,False,False,6a157b42-6614-43b4-b406-86ab4d10b60e
1,normal,47,35,continuous,paper,0,eMBB,7.3344,84040.0,9168.0,531890.2,599376.0,89.092,10.908000000000001,49.0,39.76,39.76426292365084,39.15569296224529,21.08004411410387,-1,PF(default),"[0.6551887392997742, 0.467987984418869, -0.4375587999820709]",-0.3333,0.12950791282740268,0.6035986087024866,0.33640139129751345,0.36640139129751337,0.07047259053471082,0.0,True,False,False,False,6a157b42-6614-43b4-b406-86ab4d10b60e
1,normal,47,35,continuous,paper,1,URLLC,0.624,1950.0,780.0,1783.0,8030.0,60.0,40.0,15.0,39.16,39.76426292365084,39.15569296224529,21.08004411410387,-1,PF(default),"[0.6551887392997742, 0.467987984418869, -0.4375587999820709]",-0.3333,0.12950791282740268,0.6035986087024866,0.33640139129751345,0.36640139129751337,0.07047259053471082,0.0,False,False,False,False,6a157b42-6614-43b4-b406-86ab4d10b60e
1,normal,47,35,continuous,paper,2,MTC,2.56,2560.0,3200.0,151.0,533.0,20.0,80.0,4.0,21.079999999999995,39.76426292365084,39.15569296224529,21.08004411410387,-1,PF(default),"[0.6551887392997742, 0.467987984418869, -0.4375587999820709]",-0.3333,0.12950791282740268,0.6035986087024866,0.33640139129751345,0.36640139129751337,0.07047259053471082,0.0,False,False,False,False,6a157b42-6614-43b4-b406-86ab4d10b60e
1,normal,47,36,continuous,paper,0,eMBB,11.0016,91680.0,13752.0,547630.0,614937.0,85.0,15.0,51.0,49.73,49.73213956335433,27.87995001479611,22.38791042184956,-1,PF(default),"[0.5188071727752686, -0.9154112935066223, -0.7766465544700623]",0.1609946614609819,0.16246660478295136,0.7325054863967548,0.20749451360324514,0.23749451360324522,0.11275742947449184,0.0,False,False,False,False,6a157b42-6614-43b4-b406-86ab4d10b60e
1,normal,47,36,continuous,paper,1,URLLC,0.624,1950.0,780.0,2062.6,9428.0,60.0,40.0,15.0,27.880000000000003,49.73213956335433,27.87995001479611,22.38791042184956,-1,PF(default),"[0.5188071727752686, -0.9154112935066223, -0.7766465544700623]",0.1609946614609819,0.16246660478295136,0.7325054863967548,0.20749451360324514,0.23749451360324522,0.11275742947449184,0.0,False,False,False,False,6a157b42-6614-43b4-b406-86ab4d10b60e
1,normal,47,36,continuous,paper,2,MTC,1.6384000000000003,3840.0,2048.0,121.9,137.0,46.663999999999994,53.336000000000006,14.0,22.389999999999997,49.73213956335433,27.87995001479611,22.38791042184956,-1,PF(default),"[0.5188071727752686, -0.9154112935066223, -0.7766465544700623]",0.1609946614609819,0.16246660478295136,0.7325054863967548,0.20749451360324514,0.23749451360324522,0.11275742947449184,0.0,False,False,False,False,6a157b42-6614-43b4-b406-86ab4d10b60e
1,normal,47,37,continuous,paper,0,eMBB,67.232,91680.0,84040.0,563262.2,639721.0,68.332,31.668000000000006,41.0,42.64,42.64390029630609,25.06010675811352,32.295992945580394,-1,PF(default),"[0.9134319424629211, -0.7224651575088501, 0.5985311269760132]",0.0,0.5467056477766689,0.6419390426604261,0.298060957339574,0.32806095733957386,0.0990808252373083,0.0,False,True,False,False,6a157b42-6614-43b4-b406-86ab4d10b60e
1,normal,47,37,continuous,paper,1,URLLC,0.624,1950.0,780.0,2062.6,9428.0,60.0,40.0,15.0,25.06,42.64390029630609,25.06010675811352,32.295992945580394,-1,PF(default),"[0.9134319424629211, -0.7224651575088501, 0.5985311269760132]",0.0,0.5467056477766689,0.6419390426604261,0.298060957339574,0.32806095733957386,0.0990808252373083,0.0,False,False,False,False,6a157b42-6614-43b4-b406-86ab4d10b60e
1,normal,47,37,continuous,paper,2,MTC,3.072,2560.0,3840.0,145.9,283.0,20.0,80.0,4.0,32.300000000000004,42.64390029630609,25.06010675811352,32.295992945580394,-1,PF(default),"[0.9134319424629211, -0.7224651575088501, 0.5985311269760132]",0.0,0.5467056477766689,0.6419390426604261,0.298060957339574,0.32806095733957386,0.0990808252373083,0.0,False,False,False,False,6a157b42-6614-43b4-b406-86ab4d10b60e
1,normal,47,38,continuous,paper,0,eMBB,7.3344,84040.0,9168.0,577049.0,647094.0,89.092,10.908000000000001,49.0,46.38,46.380062610232706,25.425196431853053,28.194740957914245,-1,PF(default),"[0.9695711731910706, -0.7310287952423096, 0.27657270431518555]",0.1593649577809819,0.12710486374348015,0.6848505384936825,0.25514946150631757,0.2851494615063175,0.04101251987666149,0.0,False,False,False,False,6a157b42-6614-43b4-b406-86ab4d10b60e
1,normal,47,38,continuous,paper,1,URLLC,0.624,1950.0,780.0,2062.6,9428.0,60.0,40.0,15.0,25.43,46.380062610232706,25.425196431853053,28.194740957914245,-1,PF(default),"[0.9695711731910706, -0.7310287952423096, 0.27657270431518555]",0.1593649577809819,0.12710486374348015,0.6848505384936825,0.25514946150631757,0.2851494615063175,0.04101251987666149,0.0,False,False,False,False,6a157b42-6614-43b4-b406-86ab4d10b60e
1,normal,47,38,continuous,paper,2,MTC,1.6384000000000003,3840.0,2048.0,217.6,797.0,46.663999999999994,53.336000000000006,14.0,28.190000000000005,46.380062610232706,25.425196431853053,28.194740957914245,-1,PF(default),"[0.9695711731910706, -0.7310287952423096, 0.27657270431518555]",0.1593649577809819,0.12710486374348015,0.6848505384936825,0.25514946150631757,0.2851494615063175,0.04101251987666149,0.0,False,False,False,False,6a157b42-6614-43b4-b406-86ab4d10b60e
1,normal,47,39,continuous,paper,0,eMBB,9.7792,91680.0,12224.0,591356.0,667190.0,86.666,13.334000000000003,52.0,32.43,32.43364859676898,26.527164450964047,41.039186952266974,-1,PF(default),"[-0.03253033012151718, -0.9145814180374146, 0.5310295224189758]",0.14475232875499147,0.1609593389925413,0.535267484508627,0.4047325154913729,0.43473251549137293,0.13946414013463726,0.0,False,False,False,False,6a157b42-6614-43b4-b406-86ab4d10b60e
1,normal,47,39,continuous,paper,1,URLLC,3.3072,1950.0,4134.0,2275.0,10490.0,48.0,52.0,12.0,26.53,32.43364859676898,26.527164450964047,41.039186952266974,-1,PF(default),"[-0.03253033012151718, -0.9145814180374146, 0.5310295224189758]",0.14475232875499147,0.1609593389925413,0.535267484508627,0.4047325154913729,0.43473251549137293,0.13946414013463726,0.0,False,False,False,False,6a157b42-6614-43b4-b406-86ab4d10b60e
1,normal,47,39,continuous,paper,2,MTC,1.6384000000000003,2560.0,2048.0,168.0,401.0,20.0,80.0,4.0,41.040000000000006,32.43364859676898,26.527164450964047,41.039186952266974,-1,PF(default),"[-0.03253033012151718, -0.9145814180374146, 0.5310295224189758]",0.14475232875499147,0.1609593389925413,0.535267484508627,0.4047325154913729,0.43473251549137293,0.13946414013463726,0.0,False,False,False,False,6a157b42-6614-43b4-b406-86ab4d10b60e
1,normal,47,40,continuous,paper,0,eMBB,6.112,91680.0,7640.0,606667.4,678589.0,91.668,8.331999999999994,55.0,31.26,31.255387940520624,32.446294330114014,36.29831772936536,-1,PF(default),"[-0.6697335243225098, -0.8286735415458679, -0.2161984145641327]",0.14326827883499146,0.12661008211395786,0.5096165968186861,0.43038340318131385,0.460383403181314,0.0591912987914997,0.0,False,False,False,False,6a157b42-6614-43b4-b406-86ab4d10b60e
1,normal,47,40,continuous,paper,1,URLLC,2.0591999999999997,1950.0,2574.0,2291.4,10490.0,24.0,76.0,6.0,32.45,31.255387940520624,32.446294330114014,36.29831772936536,-1,PF(default),"[-0.6697335243225098, -0.8286735415458679, -0.2161984145641327]",0.14326827883499146,0.12661008211395786,0.5096165968186861,0.43038340318131385,0.460383403181314,0.0591912987914997,0.0,False,False,False,False,6a157b42-6614-43b4-b406-86ab4d10b60e
1,normal,47,40,continuous,paper,2,MTC,2.4576,3840.0,3072.0,152.3,290.0,20.0,80.0,6.0,36.300000000000004,31.255387940520624,32.446294330114014,36.29831772936536,-1,PF(default),"[-0.6697335243225098, -0.8286735415458679, -0.2161984145641327]",0.14326827883499146,0.12661008211395786,0.5096165968186861,0.43038340318131385,0.460383403181314,0.0591912987914997,0.0,False,False,False,False,6a157b42-6614-43b4-b406-86ab4d10b60e
1,normal,47,41,continuous,paper,0,eMBB,6.112,84040.0,7640.0,615321.2,678589.0,90.91,9.090000000000003,50.0,28.52,28.52211855255765,47.42228522497788,24.055596222464466,-1,PF(default),"[-0.12612992525100708, 0.7122976779937744, -0.22689156234264374]",-0.3333,0.11162377939058228,0.4829269854829159,0.45707301451708404,0.48707301451708407,0.14975990894863866,0.0,True,False,False,False,6a157b42-6614-43b4-b406-86ab4d10b60e
1,normal,47,41,continuous,paper,1,URLLC,1.0608,1950.0,1326.0,2275.0,10490.0,40.0,60.0,10.0,47.42,28.52211855255765,47.42228522497788,24.055596222464466,-1,PF(default),"[-0.12612992525100708, 0.7122976779937744, -0.22689156234264374]",-0.3333,0.11162377939058228,0.4829269854829159,0.45707301451708404,0.48707301451708407,0.14975990894863866,0.0,False,False,False,False,6a157b42-6614-43b4-b406-86ab4d10b60e
1,normal,47,41,continuous,paper,2,MTC,2.2527999999999997,2560.0,2816.0,137.3,290.0,20.0,80.0,4.0,24.06,28.52211855255765,47.42228522497788,24.055596222464466,-1,PF(default),"[-0.12612992525100708, 0.7122976779937744, -0.22689156234264374]",-0.3333,0.11162377939058228,0.4829269854829159,0.45707301451708404,0.48707301451708407,0.14975990894863866,0.0,False,False,False,False,6a157b42-6614-43b4-b406-86ab4d10b60e
1,normal,47,42,continuous,paper,0,eMBB,8.556799999999999,91680.0,10696.0,626920.8,708613.0,88.332,11.668000000000006,53.0,45.06,45.05803921091057,35.23257293400754,19.709387855081886,-1,PF(default),"[0.7310309410095215, 0.10832301527261734, -0.7628250122070312]",-0.7333000000000001,0.15358077530962969,0.6656395905321972,0.2743604094678027,0.30436040946780274,0.16535920658352915,0.0,True,False,False,False,6a157b42-6614-43b4-b406-86ab4d10b60e
1,normal,47,42,continuous,paper,1,URLLC,1.0608,1950.0,1326.0,2291.4,10490.0,40.0,60.0,10.0,35.23,45.05803921091057,35.23257293400754,19.709387855081886,-1,PF(default),"[0.7310309410095215, 0.10832301527261734, -0.7628250122070312]",-0.7333000000000001,0.15358077530962969,0.6656395905321972,0.2743604094678027,0.30436040946780274,0.16535920658352915,0.0,True,False,False,False,6a157b42-6614-43b4-b406-86ab4d10b60e
1,normal,47,42,continuous,paper,2,MTC,1.8432000000000002,3840.0,2304.0,161.5,533.0,39.998,60.002,12.0,19.710000000000004,45.05803921091057,35.23257293400754,19.709387855081886,-1,PF(default),"[0.7310309410095215, 0.10832301527261734, -0.7628250122070312]",-0.7333000000000001,0.15358077530962969,0.6656395905321972,0.2743604094678027,0.30436040946780274,0.16535920658352915,0.0,False,False,False,False,6a157b42-6614-43b4-b406-86ab4d10b60e
1,normal,47,43,continuous,paper,0,eMBB,8.556799999999999,91680.0,10696.0,633967.8,708613.0,88.334,11.665999999999997,53.0,41.06,41.056437405874824,38.18123318586505,20.762329408260122,-1,PF(default),"[0.44178029894828796, 0.147938072681427, -0.7472854852676392]",-0.7333000000000001,0.151168112976302,0.6149911095709033,0.32500889042909664,0.35500889042909667,0.04001601805035744,0.0,True,False,False,False,6a157b42-6614-43b4-b406-86ab4d10b60e
1,normal,47,43,continuous,paper,1,URLLC,0.9359999999999999,1950.0,1170.0,2524.0,11735.0,40.0,60.0,10.0,38.18,41.056437405874824,38.18123318586505,20.762329408260122,-1,PF(default),"[0.44178029894828796, 0.147938072681427, -0.7472854852676392]",-0.7333000000000001,0.151168112976302,0.6149911095709033,0.32500889042909664,0.35500889042909667,0.04001601805035744,0.0,True,False,False,False,6a157b42-6614-43b4-b406-86ab4d10b60e
1,normal,47,43,continuous,paper,2,MTC,2.4576,2560.0,3072.0,192.0,838.0,20.0,80.0,4.0,20.759999999999998,41.056437405874824,38.18123318586505,20.762329408260122,-1,PF(default),"[0.44178029894828796, 0.147938072681427, -0.7472854852676392]",-0.7333000000000001,0.151168112976302,0.6149911095709033,0.32500889042909664,0.35500889042909667,0.04001601805035744,0.0,False,False,False,False,6a157b42-6614-43b4-b406-86ab4d10b60e
1,normal,47,44,continuous,paper,0,eMBB,7.3344,84040.0,9168.0,664311.2,752337.0,89.092,10.908000000000001,49.0,28.28,28.277393573391297,42.43511484016999,29.28749158643872,-1,PF(default),"[-0.007659777067601681, 0.6508946418762207, 0.3098823130130768]",-0.7333000000000001,0.1032476208943793,0.4963548711846899,0.44364512881531004,0.47364512881531007,0.1277904383248353,0.0,True,False,False,False,6a157b42-6614-43b4-b406-86ab4d10b60e
1,normal,47,44,continuous,paper,1,URLLC,0.9359999999999999,1950.0,1170.0,2524.0,11735.0,40.0,60.0,10.0,42.44,28.277393573391297,42.43511484016999,29.28749158643872,-1,PF(default),"[-0.007659777067601681, 0.6508946418762207, 0.3098823130130768]",-0.7333000000000001,0.1032476208943793,0.4963548711846899,0.44364512881531004,0.47364512881531007,0.1277904383248353,0.0,True,False,False,False,6a157b42-6614-43b4-b406-86ab4d10b60e
1,normal,47,44,continuous,paper,2,MTC,1.6384000000000003,3840.0,2048.0,204.6,872.0,46.663999999999994,53.336000000000006,14.0,29.29,28.277393573391297,42.43511484016999,29.28749158643872,-1,PF(default),"[-0.007659777067601681, 0.6508946418762207, 0.3098823130130768]",-0.7333000000000001,0.1032476208943793,0.4963548711846899,0.44364512881531004,0.47364512881531007,0.1277904383248353,0.0,False,False,False,False,6a157b42-6614-43b4-b406-86ab4d10b60e
1,normal,47,45,continuous,paper,0,eMBB,6.112,91680.0,7640.0,674323.2,752337.0,91.668,8.331999999999994,55.0,26.26,26.26087126170853,52.047986991516005,21.69114174677546,-1,PF(default),"[-0.5031726956367493, 0.7027287483215332, -0.6415088176727295]",-0.7333000000000001,0.08854405861379873,0.4634035514093213,0.4765964485906786,0.5065964485906786,0.09612872151346022,0.0,True,False,False,False,6a157b42-6614-43b4-b406-86ab4d10b60e
1,normal,47,45,continuous,paper,1,URLLC,0.624,1950.0,780.0,4787.4,12223.0,60.0,40.0,15.0,52.05,26.26087126170853,52.047986991516005,21.69114174677546,-1,PF(default),"[-0.5031726956367493, 0.7027287483215332, -0.6415088176727295]",-0.7333000000000001,0.08854405861379873,0.4634035514093213,0.4765964485906786,0.5065964485906786,0.09612872151346022,0.0,True,False,False,False,6a157b42-6614-43b4-b406-86ab4d10b60e
1,normal,47,45,continuous,paper,2,MTC,2.2527999999999997,2560.0,2816.0,147.6,401.0,20.0,80.0,4.0,21.69,26.26087126170853,52.047986991516005,21.69114174677546,-1,PF(default),"[-0.5031726956367493, 0.7027287483215332, -0.6415088176727295]",-0.7333000000000001,0.08854405861379873,0.4634035514093213,0.4765964485906786,0.5065964485906786,0.09612872151346022,0.0,False,False,False,False,6a157b42-6614-43b4-b406-86ab4d10b60e
1,normal,47,46,continuous,paper,0,eMBB,6.112,91680.0,7640.0,692582.8,780209.0,91.666,8.334000000000003,55.0,36.37,36.36544432581722,34.88743012370688,28.747125550475904,-1,PF(default),"[0.6705718040466309, 0.39044785499572754, 0.425085186958313]",-0.7333000000000001,0.08973456336435132,0.5736283027519007,0.36637169724809926,0.3963716972480993,0.17160556867809132,0.0,True,False,False,False,6a157b42-6614-43b4-b406-86ab4d10b60e
1,normal,47,46,continuous,paper,1,URLLC,0.4992,1950.0,624.0,4168.4,11014.0,68.0,32.0,17.0,34.89,36.36544432581722,34.88743012370688,28.747125550475904,-1,PF(default),"[0.6705718040466309, 0.39044785499572754, 0.425085186958313]",-0.7333000000000001,0.08973456336435132,0.5736283027519007,0.36637169724809926,0.3963716972480993,0.17160556867809132,0.0,True,False,False,False,6a157b42-6614-43b4-b406-86ab4d10b60e
1,normal,47,46,continuous,paper,2,MTC,1.8432000000000002,3840.0,2304.0,193.2,699.0,39.998,60.002,12.0,28.75,36.36544432581722,34.88743012370688,28.747125550475904,-1,PF(default),"[0.6705718040466309, 0.39044785499572754, 0.425085186958313]",-0.7333000000000001,0.08973456336435132,0.5736283027519007,0.36637169724809926,0.3963716972480993,0.17160556867809132,0.0,False,False,False,False,6a157b42-6614-43b4-b406-86ab4d10b60e
1,normal,47,47,continuous,paper,0,eMBB,46.4512,84040.0,58064.0,708180.4,793400.0,67.274,32.726,37.0,28.65,28.65092483473281,33.86741670020161,37.481658465065586,-1,PF(default),"[-0.8654438257217407, -0.7196348905563354, -0.1650308519601822]",-0.4,0.33294060443344853,0.49754349394977093,0.4424565060502291,0.47245650605022904,0.0873453291458968,0.0,False,True,False,False,6a157b42-6614-43b4-b406-86ab4d10b60e
1,normal,47,47,continuous,paper,1,URLLC,0.8112,1950.0,1014.0,3716.6,10807.0,48.0,52.0,12.0,33.87,28.65092483473281,33.86741670020161,37.481658465065586,-1,PF(default),"[-0.8654438257217407, -0.7196348905563354, -0.1650308519601822]",-0.4,0.33294060443344853,0.49754349394977093,0.4424565060502291,0.47245650605022904,0.0873453291458968,0.0,True,False,False,False,6a157b42-6614-43b4-b406-86ab4d10b60e
1,normal,47,47,continuous,paper,2,MTC,1.4336000000000002,2560.0,1792.0,156.3,401.0,30.0,70.0,6.0,37.480000000000004,28.65092483473281,33.86741670020161,37.481658465065586,-1,PF(default),"[-0.8654438257217407, -0.7196348905563354, -0.1650308519601822]",-0.4,0.33294060443344853,0.49754349394977093,0.4424565060502291,0.47245650605022904,0.0873453291458968,0.0,False,False,False,False,6a157b42-6614-43b4-b406-86ab4d10b60e
1,normal,47,48,continuous,paper,0,eMBB,13.4464,91680.0,16808.0,722353.4,820375.0,81.666,18.334000000000003,49.0,28.45,28.451651840807507,45.29116259761254,26.257185561579956,-1,PF(default),"[-0.6668813228607178, 0.09660601615905762, -0.5749033689498901]",-0.4,0.13342125539199604,0.501286449412544,0.438713550587456,0.468713550587456,0.11423745897410933,0.0,False,False,False,False,6a157b42-6614-43b4-b406-86ab4d10b60e
1,normal,47,48,continuous,paper,1,URLLC,0.7488,1950.0,936.0,3685.2,10732.0,60.0,40.0,15.0,45.29,28.451651840807507,45.29116259761254,26.257185561579956,-1,PF(default),"[-0.6668813228607178, 0.09660601615905762, -0.5749033689498901]",-0.4,0.13342125539199604,0.501286449412544,0.438713550587456,0.468713550587456,0.11423745897410933,0.0,True,False,False,False,6a157b42-6614-43b4-b406-86ab4d10b60e
1,normal,47,48,continuous,paper,2,MTC,2.1504,3840.0,2688.0,157.8,345.0,30.0,70.0,9.0,26.259999999999998,28.451651840807507,45.29116259761254,26.257185561579956,-1,PF(default),"[-0.6668813228607178, 0.09660601615905762, -0.5749033689498901]",-0.4,0.13342125539199604,0.501286449412544,0.438713550587456,0.468713550587456,0.11423745897410933,0.0,False,False,False,False,6a157b42-6614-43b4-b406-86ab4d10b60e
1,normal,47,49,continuous,paper,0,eMBB,11.0016,91680.0,13752.0,736278.0,833833.0,85.0,15.0,51.0,34.79,34.78973488539008,45.78968455247788,19.420580562132038,-1,PF(default),"[0.584070086479187, 0.9367671012878418, -0.5072853565216064]",-0.4,0.13965329752975572,0.5588400160515279,0.381159983948472,0.4111599839484721,0.06836604999447915,0.0,False,False,False,False,6a157b42-6614-43b4-b406-86ab4d10b60e
1,normal,47,49,continuous,paper,1,URLLC,0.624,1950.0,780.0,3668.8,10732.0,60.0,40.0,15.0,45.79,34.78973488539008,45.78968455247788,19.420580562132038,-1,PF(default),"[0.584070086479187, 0.9367671012878418, -0.5072853565216064]",-0.4,0.13965329752975572,0.5588400160515279,0.381159983948472,0.4111599839484721,0.06836604999447915,0.0,True,False,False,False,6a157b42-6614-43b4-b406-86ab4d10b60e
1,normal,47,49,continuous,paper,2,MTC,2.1504,2560.0,2688.0,178.6,604.0,30.0,70.0,6.0,19.420000000000005,34.78973488539008,45.78968455247788,19.420580562132038,-1,PF(default),"[0.584070086479187, 0.9367671012878418, -0.5072853565216064]",-0.4,0.13965329752975572,0.5588400160515279,0.381159983948472,0.4111599839484721,0.06836604999447915,0.0,False,False,False,False,6a157b42-6614-43b4-b406-86ab4d10b60e
1,normal,47,50,continuous,paper,0,eMBB,12.224,84040.0,15280.0,746981.8,833833.0,81.82,18.180000000000007,45.0,41.83,41.83226740505725,34.741850940034126,23.42588165490862,-1,PF(default),"[0.20338091254234314, -0.33147287368774414, -0.7105311155319214]",-0.4,0.15359599634548515,0.6458474704730102,0.2941525295269898,0.3241525295269899,0.11047833612443748,0.0,False,False,False,False,6a157b42-6614-43b4-b406-86ab4d10b60e
1,normal,47,50,continuous,paper,1,URLLC,0.624,1950.0,780.0,3668.8,10732.0,60.0,40.0,15.0,34.74,41.83226740505725,34.741850940034126,23.42588165490862,-1,PF(default),"[0.20338091254234314, -0.33147287368774414, -0.7105311155319214]",-0.4,0.15359599634548515,0.6458474704730102,0.2941525295269898,0.3241525295269899,0.11047833612443748,0.0,True,False,False,False,6a157b42-6614-43b4-b406-86ab4d10b60e
1,normal,47,50,continuous,paper,2,MTC,1.4336000000000002,3840.0,1792.0,237.6,929.0,53.330999999999996,46.669000000000004,16.0,23.430000000000003,41.83226740505725,34.741850940034126,23.42588165490862,-1,PF(default),"[0.20338091254234314, -0.33147287368774414, -0.7105311155319214]",-0.4,0.15359599634548515,0.6458474704730102,0.2941525295269898,0.3241525295269899,0.11047833612443748,0.0,False,False,False,False,6a157b42-6614-43b4-b406-86ab4d10b60e
1,normal,47,51,continuous,paper,0,eMBB,6.112,91680.0,7640.0,762029.2,857875.0,91.666,8.334000000000003,55.0,43.93,43.926016046024344,29.88208762412505,26.191896329850618,-1,PF(default),"[0.7538270354270935, -0.2609068751335144, 0.0022496841847896576]",-0.4,0.12035264294123985,0.6355077204125674,0.3044922795874325,0.33449227958743266,0.04859763315909081,0.0,False,False,False,False,6a157b42-6614-43b4-b406-86ab4d10b60e
1,normal,47,51,continuous,paper,1,URLLC,0.624,1950.0,780.0,3830.2,10732.0,60.0,40.0,15.0,29.880000000000003,43.926016046024344,29.88208762412505,26.191896329850618,-1,PF(default),"[0.7538270354270935, -0.2609068751335144, 0.0022496841847896576]",-0.4,0.12035264294123985,0.6355077204125674,0.3044922795874325,0.33449227958743266,0.04859763315909081,0.0,True,False,False,False,6a157b42-6614-43b4-b406-86ab4d10b60e
1,normal,47,51,continuous,paper,2,MTC,2.7647999999999997,2560.0,3456.0,210.5,929.0,20.0,80.0,4.0,26.190000000000005,43.926016046024344,29.88208762412505,26.191896329850618,-1,PF(default),"[0.7538270354270935, -0.2609068751335144, 0.0022496841847896576]",-0.4,0.12035264294123985,0.6355077204125674,0.3044922795874325,0.33449227958743266,0.04859763315909081,0.0,False,False,False,False,6a157b42-6614-43b4-b406-86ab4d10b60e
1,normal,47,52,continuous,paper,0,eMBB,11.0016,91680.0,13752.0,781529.0,887353.0,85.0,15.0,51.0,23.27,23.271474229276862,54.462315426225835,22.26621034449729,-1,PF(default),"[-0.8739061951637268, 0.7779101133346558, -0.5724043846130371]",-0.4,0.0967016833972636,0.45604527289394037,0.4839547271060596,0.5139547271060596,0.24580227802100793,0.0,False,False,False,False,6a157b42-6614-43b4-b406-86ab4d10b60e
1,normal,47,52,continuous,paper,1,URLLC,0.624,1950.0,780.0,3813.8,10732.0,60.0,40.0,15.0,54.46,23.271474229276862,54.462315426225835,22.26621034449729,-1,PF(default),"[-0.8739061951637268, 0.7779101133346558, -0.5724043846130371]",-0.4,0.0967016833972636,0.45604527289394037,0.4839547271060596,0.5139547271060596,0.24580227802100793,0.0,True,False,False,False,6a157b42-6614-43b4-b406-86ab4d10b60e
1,normal,47,52,continuous,paper,2,MTC,1.4336000000000002,3840.0,1792.0,151.8,401.0,53.330999999999996,46.669000000000004,16.0,22.270000000000003,23.271474229276862,54.462315426225835,22.26621034449729,-1,PF(default),"[-0.8739061951637268, 0.7779101133346558, -0.5724043846130371]",-0.4,0.0967016833972636,0.45604527289394037,0.4839547271060596,0.5139547271060596,0.24580227802100793,0.0,False,False,False,False,6a157b42-6614-43b4-b406-86ab4d10b60e
1,normal,47,53,continuous,paper,0,eMBB,7.3344,84040.0,9168.0,797532.0,907046.0,89.092,10.908000000000001,49.0,35.12,35.119432750431045,30.013248003281717,34.86731924628723,-1,PF(default),"[0.07831238210201263, -0.5330832004547119, 0.2325628101825714]",-0.4,0.1452959358548256,0.550507005502635,0.38949299449736496,0.419492994497365,0.2444906742294412,0.0,False,False,False,False,6a157b42-6614-43b4-b406-86ab4d10b60e
1,normal,47,53,continuous,paper,1,URLLC,2.7456,1950.0,3432.0,4164.2,12156.0,48.0,52.0,12.0,30.01,35.119432750431045,30.013248003281717,34.86731924628723,-1,PF(default),"[0.07831238210201263, -0.5330832004547119, 0.2325628101825714]",-0.4,0.1452959358548256,0.550507005502635,0.38949299449736496,0.419492994497365,0.2444906742294412,0.0,True,False,False,False,6a157b42-6614-43b4-b406-86ab4d10b60e
1,normal,47,53,continuous,paper,2,MTC,1.4336000000000002,2560.0,1792.0,156.3,401.0,30.0,70.0,6.0,34.87,35.119432750431045,30.013248003281717,34.86731924628723,-1,PF(default),"[0.07831238210201263, -0.5330832004547119, 0.2325628101825714]",-0.4,0.1452959358548256,0.550507005502635,0.38949299449736496,0.419492994497365,0.2444906742294412,0.0,False,False,False,False,6a157b42-6614-43b4-b406-86ab4d10b60e
1,normal,47,54,continuous,paper,0,eMBB,17.113599999999998,91680.0,21392.0,807126.4,918482.0,76.666,23.334000000000003,46.0,36.09,36.093928862762844,43.796967641667685,20.10910349556948,-1,PF(default),"[0.3848991394042969, 0.5876941680908203, -0.6687569618225098]",-0.4,0.1866669476987528,0.5662304786075492,0.3737695213924508,0.4037695213924508,0.14758215750717757,0.0,False,True,False,False,6a157b42-6614-43b4-b406-86ab4d10b60e
1,normal,47,54,continuous,paper,1,URLLC,0.8112,1950.0,1014.0,3799.0,10658.0,48.0,52.0,12.0,43.8,36.093928862762844,43.796967641667685,20.10910349556948,-1,PF(default),"[0.3848991394042969, 0.5876941680908203, -0.6687569618225098]",-0.4,0.1866669476987528,0.5662304786075492,0.3737695213924508,0.4037695213924508,0.14758215750717757,0.0,True,False,False,False,6a157b42-6614-43b4-b406-86ab4d10b60e
1,normal,47,54,continuous,paper,2,MTC,3.5839999999999996,3840.0,4480.0,150.2,269.0,20.0,80.0,6.0,20.110000000000003,36.093928862762844,43.796967641667685,20.10910349556948,-1,PF(default),"[0.3848991394042969, 0.5876941680908203, -0.6687569618225098]",-0.4,0.1866669476987528,0.5662304786075492,0.3737695213924508,0.4037695213924508,0.14758215750717757,0.0,False,False,False,False,6a157b42-6614-43b4-b406-86ab4d10b60e
1,normal,47,55,continuous,paper,0,eMBB,11.0016,91680.0,13752.0,823752.4,930176.0,85.0,15.0,51.0,21.31,21.307551009535736,47.02855933125857,31.663889659205697,-1,PF(default),"[-0.8336189985275269, 0.9280110597610474, 0.5395954847335815]",0.1795168341548802,0.11002957440208622,0.41393489427412133,0.5260651057258787,0.5560651057258787,0.14786377853227106,0.0,False,False,False,False,6a157b42-6614-43b4-b406-86ab4d10b60e
1,normal,47,55,continuous,paper,1,URLLC,0.8736,1950.0,1092.0,3329.4,8310.0,52.0,48.0,13.0,47.03,21.307551009535736,47.02855933125857,31.663889659205697,-1,PF(default),"[-0.8336189985275269, 0.9280110597610474, 0.5395954847335815]",0.1795168341548802,0.11002957440208622,0.41393489427412133,0.5260651057258787,0.5560651057258787,0.14786377853227106,0.0,False,False,False,False,6a157b42-6614-43b4-b406-86ab4d10b60e
1,normal,47,55,continuous,paper,2,MTC,2.1504,2560.0,2688.0,144.4,269.0,25.0,75.0,5.0,31.660000000000004,21.307551009535736,47.02855933125857,31.663889659205697,-1,PF(default),"[-0.8336189985275269, 0.9280110597610474, 0.5395954847335815]",0.1795168341548802,0.11002957440208622,0.41393489427412133,0.5260651057258787,0.5560651057258787,0.14786377853227106,0.0,False,False,False,False,6a157b42-6614-43b4-b406-86ab4d10b60e
1,normal,47,56,continuous,paper,0,eMBB,11.0016,84040.0,13752.0,834121.2,952831.0,83.636,16.364000000000004,46.0,45.69,45.6919017133448,34.31534060846172,19.992757678193485,-1,PF(default),"[0.47824716567993164, -0.22864414751529694, -0.9941931366920471]",0.18355122167947008,0.15215708215968668,0.672057545019338,0.26794245498066205,0.29794245498066196,0.2438435070380906,0.0,False,False,False,False,6a157b42-6614-43b4-b406-86ab4d10b60e
1,normal,47,56,continuous,paper,1,URLLC,0.624,1950.0,780.0,2698.6,8076.0,60.0,40.0,15.0,34.32,45.6919017133448,34.31534060846172,19.992757678193485,-1,PF(default),"[0.47824716567993164, -0.22864414751529694, -0.9941931366920471]",0.18355122167947008,0.15215708215968668,0.672057545019338,0.26794245498066205,0.29794245498066196,0.2438435070380906,0.0,False,False,False,False,6a157b42-6614-43b4-b406-86ab4d10b60e
1,normal,47,56,continuous,paper,2,MTC,1.6384000000000003,3840.0,2048.0,160.8,401.0,46.665,53.335,14.0,19.990000000000002,45.6919017133448,34.31534060846172,19.992757678193485,-1,PF(default),"[0.47824716567993164, -0.22864414751529694, -0.9941931366920471]",0.18355122167947008,0.15215708215968668,0.672057545019338,0.26794245498066205,0.29794245498066196,0.2438435070380906,0.0,False,False,False,False,6a157b42-6614-43b4-b406-86ab4d10b60e
1,normal,47,57,continuous,paper,0,eMBB,15.8912,91680.0,19864.0,849760.4,964159.0,78.332,21.668000000000006,47.0,40.73,40.725002349542315,32.35153503866206,26.923462611795628,-1,PF(default),"[-0.11224377155303955, -0.7790142297744751, -0.6835734844207764]",0.0,0.18396956074425538,0.6118033469863856,0.32819665301361434,0.35819665301361436,0.06930704933602144,0.0,False,True,False,False,6a157b42-6614-43b4-b406-86ab4d10b60e
1,normal,47,57,continuous,paper,1,URLLC,0.624,1950.0,780.0,2908.8,9127.0,60.0,40.0,15.0,32.35,40.725002349542315,32.35153503866206,26.923462611795628,-1,PF(default),"[-0.11224377155303955, -0.7790142297744751, -0.6835734844207764]",0.0,0.18396956074425538,0.6118033469863856,0.32819665301361434,0.35819665301361436,0.06930704933602144,0.0,False,False,False,False,6a157b42-6614-43b4-b406-86ab4d10b60e
1,normal,47,57,continuous,paper,2,MTC,2.1504,2560.0,2688.0,202.3,797.0,30.0,70.0,6.0,26.92000000000001,40.725002349542315,32.35153503866206,26.923462611795628,-1,PF(default),"[-0.11224377155303955, -0.7790142297744751, -0.6835734844207764]",0.0,0.18396956074425538,0.6118033469863856,0.32819665301361434,0.35819665301361436,0.06930704933602144,0.0,False,False,False,False,6a157b42-6614-43b4-b406-86ab4d10b60e
1,normal,47,58,continuous,paper,0,eMBB,13.446399999999999,91680.0,16808.0,857826.0,964159.0,81.666,18.334000000000003,49.0,35.24,35.242603144818915,45.336947083440876,19.420449771740202,-1,PF(default),"[0.3882942199707031, 0.6986011862754822, -0.7277618646621704]",0.22978705663878474,0.15054733647165908,0.5620179865962226,0.37798201340377735,0.4079820134037775,0.12985412044778827,0.0,False,False,False,False,6a157b42-6614-43b4-b406-86ab4d10b60e
1,normal,47,58,continuous,paper,1,URLLC,1.0608,1950.0,1326.0,2279.8,5818.0,40.0,60.0,10.0,45.34,35.242603144818915,45.336947083440876,19.420449771740202,-1,PF(default),"[0.3882942199707031, 0.6986011862754822, -0.7277618646621704]",0.22978705663878474,0.15054733647165908,0.5620179865962226,0.37798201340377735,0.4079820134037775,0.12985412044778827,0.0,False,False,False,False,6a157b42-6614-43b4-b406-86ab4d10b60e
1,normal,47,58,continuous,paper,2,MTC,1.4336000000000002,3840.0,1792.0,123.7,137.0,53.330999999999996,46.669000000000004,16.0,19.420000000000005,35.242603144818915,45.336947083440876,19.420449771740202,-1,PF(default),"[0.3882942199707031, 0.6986011862754822, -0.7277618646621704]",0.22978705663878474,0.15054733647165908,0.5620179865962226,0.37798201340377735,0.4079820134037775,0.12985412044778827,0.0,False,False,False,False,6a157b42-6614-43b4-b406-86ab4d10b60e
1,normal,47,59,continuous,paper,0,eMBB,12.224,84040.0,15280.0,866852.0,964159.0,81.82000000000001,18.179999999999993,45.0,33.13,33.125759559618835,42.767523013065535,24.106717427315637,-1,PF(default),"[-0.5042181611061096, -0.17986240983009338, -0.9282735586166382]",0.24662003950097197,0.14431739446318873,0.530910803487887,0.40908919651211295,0.439089196512113,0.04686267655575428,0.0,False,False,False,False,6a157b42-6614-43b4-b406-86ab4d10b60e
1,normal,47,59,continuous,paper,1,URLLC,0.624,1950.0,780.0,1777.6,5074.0,60.0,40.0,15.0,42.77,33.125759559618835,42.767523013065535,24.106717427315637,-1,PF(default),"[-0.5042181611061096, -0.17986240983009338, -0.9282735586166382]",0.24662003950097197,0.14431739446318873,0.530910803487887,0.40908919651211295,0.439089196512113,0.04686267655575428,0.0,False,False,False,False,6a157b42-6614-43b4-b406-86ab4d10b60e
1,normal,47,59,continuous,paper,2,MTC,2.048,2560.0,2560.0,176.7,401.0,30.0,70.0,6.0,24.110000000000003,33.125759559618835,42.767523013065535,24.106717427315637,-1,PF(default),"[-0.5042181611061096, -0.17986240983009338, -0.9282735586166382]",0.24662003950097197,0.14431739446318873,0.530910803487887,0.40908919651211295,0.439089196512113,0.04686267655575428,0.0,False,False,False,False,6a157b42-6614-43b4-b406-86ab4d10b60e
1,normal,47,60,continuous,paper,0,eMBB,6.112,91680.0,7640.0,887229.4,1001449.0,91.666,8.334000000000003,55.0,27.65,27.65306819457367,46.72675367875203,25.620178126674297,-1,PF(default),"[-0.8799127340316772, 0.008942365646362305, -0.7683292031288147]",0.243812833100972,0.08570634217817465,0.47317951718742157,0.4668204828125784,0.4968204828125785,0.0547269136504516,0.0,False,False,False,False,6a157b42-6614-43b4-b406-86ab4d10b60e
1,normal,47,60,continuous,paper,1,URLLC,0.9984,1950.0,1248.0,1757.4,5074.0,48.0,52.0,12.0,46.73,27.65306819457367,46.72675367875203,25.620178126674297,-1,PF(default),"[-0.8799127340316772, 0.008942365646362305, -0.7683292031288147]",0.243812833100972,0.08570634217817465,0.47317951718742157,0.4668204828125784,0.4968204828125785,0.0547269136504516,0.0,False,False,False,False,6a157b42-6614-43b4-b406-86ab4d10b60e
1,normal,47,60,continuous,paper,2,MTC,1.5360000000000003,3840.0,1920.0,150.2,269.0,49.998,50.002,15.0,25.619999999999997,27.65306819457367,46.72675367875203,25.620178126674297,-1,PF(default),"[-0.8799127340316772, 0.008942365646362305, -0.7683292031288147]",0.243812833100972,0.08570634217817465,0.47317951718742157,0.4668204828125784,0.4968204828125785,0.0547269136504516,0.0,False,False,False,False,6a157b42-6614-43b4-b406-86ab4d10b60e
1,normal,47,61,continuous,paper,0,eMBB,8.556799999999999,91680.0,10696.0,899085.8,1023918.0,88.332,11.668000000000006,53.0,36.74,36.737909494622635,32.795222850370095,30.466867655007267,-1,PF(default),"[0.656002402305603, 0.20570316910743713, 0.4975716173648834]",0.2079034830625291,0.10964125199518926,0.5629634285201326,0.3770365714798674,0.4070365714798674,0.13931530828381936,0.0,False,False,False,False,6a157b42-6614-43b4-b406-86ab4d10b60e
1,normal,47,61,continuous,paper,1,URLLC,0.624,1950.0,780.0,1982.4,6741.0,60.0,40.0,15.0,32.8,36.737909494622635,32.795222850370095,30.466867655007267,-1,PF(default),"[0.656002402305603, 0.20570316910743713, 0.4975716173648834]",0.2079034830625291,0.10964125199518926,0.5629634285201326,0.3770365714798674,0.4070365714798674,0.13931530828381936,0.0,False,False,False,False,6a157b42-6614-43b4-b406-86ab4d10b60e
1,normal,47,61,continuous,paper,2,MTC,1.4336000000000002,2560.0,1792.0,143.8,269.0,30.0,70.0,6.0,30.470000000000006,36.737909494622635,32.795222850370095,30.466867655007267,-1,PF(default),"[0.656002402305603, 0.20570316910743713, 0.4975716173648834]",0.2079034830625291,0.10964125199518926,0.5629634285201326,0.3770365714798674,0.4070365714798674,0.13931530828381936,0.0,False,False,False,False,6a157b42-6614-43b4-b406-86ab4d10b60e
1,normal,47,62,continuous,paper,0,eMBB,7.3344,84040.0,9168.0,930300.2,1064798.0,89.092,10.908000000000001,49.0,33.67,33.67345866578824,43.02059682289995,23.30594451131182,-1,PF(default),"[-0.34247061610221863, -0.039792075753211975, -0.8765060901641846]",0.21036160925696823,0.10597943639779858,0.5326125487665365,0.4073874512334634,0.43738745123346345,0.1022537397252985,0.0,False,False,False,False,6a157b42-6614-43b4-b406-86ab4d10b60e
1,normal,47,62,continuous,paper,1,URLLC,0.7488,1950.0,936.0,1959.2,6601.0,60.0,40.0,15.0,43.02,33.67345866578824,43.02059682289995,23.30594451131182,-1,PF(default),"[-0.34247061610221863, -0.039792075753211975, -0.8765060901641846]",0.21036160925696823,0.10597943639779858,0.5326125487665365,0.4073874512334634,0.43738745123346345,0.1022537397252985,0.0,False,False,False,False,6a157b42-6614-43b4-b406-86ab4d10b60e
1,normal,47,62,continuous,paper,2,MTC,2.1504,3840.0,2688.0,192.1,665.0,30.0,70.0,9.0,23.31,33.67345866578824,43.02059682289995,23.30594451131182,-1,PF(default),"[-0.34247061610221863, -0.039792075753211975, -0.8765060901641846]",0.21036160925696823,0.10597943639779858,0.5326125487665365,0.4073874512334634,0.43738745123346345,0.1022537397252985,0.0,False,False,False,False,6a157b42-6614-43b4-b406-86ab4d10b60e
1,normal,47,63,continuous,paper,0,eMBB,7.3344,91680.0,9168.0,942261.4,1076653.0,90.0,10.0,54.0,28.139999999999997,28.14031830690193,41.79878052981956,30.06090116327851,-1,PF(default),"[-0.35226160287857056, 0.28939393162727356, 0.024498388171195984]",-0.3333,0.12236612469662556,0.46981191877750794,0.470188081222492,0.5001880812224921,0.06754956651966693,0.0,True,False,False,False,6a157b42-6614-43b4-b406-86ab4d10b60e
1,normal,47,63,continuous,paper,1,URLLC,1.4352,1950.0,1794.0,1821.6,6601.0,40.0,60.0,10.0,41.8,28.14031830690193,41.79878052981956,30.06090116327851,-1,PF(default),"[-0.35226160287857056, 0.28939393162727356, 0.024498388171195984]",-0.3333,0.12236612469662556,0.46981191877750794,0.470188081222492,0.5001880812224921,0.06754956651966693,0.0,False,False,False,False,6a157b42-6614-43b4-b406-86ab4d10b60e
1,normal,47,63,continuous,paper,2,MTC,2.1504,2560.0,2688.0,185.6,699.0,30.0,70.0,6.0,30.059999999999995,28.14031830690193,41.79878052981956,30.06090116327851,-1,PF(default),"[-0.35226160287857056, 0.28939393162727356, 0.024498388171195984]",-0.3333,0.12236612469662556,0.46981191877750794,0.470188081222492,0.5001880812224921,0.06754956651966693,0.0,False,False,False,False,6a157b42-6614-43b4-b406-86ab4d10b60e
1,normal,47,64,continuous,paper,0,eMBB,9.7792,91680.0,12224.0,953972.8,1083926.0,86.666,13.334000000000003,52.0,31.47,31.471210134812218,47.201300413673735,21.327489451514055,-1,PF(default),"[0.048982489854097366, 0.6572005748748779, -0.56756192445755]",-0.3333,0.12008585231184828,0.5206211903977073,0.4193788096022927,0.4493788096022927,0.0873341171176446,0.0,True,False,False,False,6a157b42-6614-43b4-b406-86ab4d10b60e
1,normal,47,64,continuous,paper,1,URLLC,0.624,1950.0,780.0,1806.6,6772.0,60.0,40.0,15.0,47.2,31.471210134812218,47.201300413673735,21.327489451514055,-1,PF(default),"[0.048982489854097366, 0.6572005748748779, -0.56756192445755]",-0.3333,0.12008585231184828,0.5206211903977073,0.4193788096022927,0.4493788096022927,0.0873341171176446,0.0,False,False,False,False,6a157b42-6614-43b4-b406-86ab4d10b60e
1,normal,47,64,continuous,paper,2,MTC,2.7648,3840.0,3456.0,188.8,697.0,43.330999999999996,56.669000000000004,13.0,21.329999999999995,31.471210134812218,47.201300413673735,21.327489451514055,-1,PF(default),"[0.048982489854097366, 0.6572005748748779, -0.56756192445755]",-0.3333,0.12008585231184828,0.5206211903977073,0.4193788096022927,0.4493788096022927,0.0873341171176446,0.0,False,False,False,False,6a157b42-6614-43b4-b406-86ab4d10b60e
1,normal,47,65,continuous,paper,0,eMBB,7.3344,84040.0,9168.0,968955.8,1100424.0,89.092,10.908000000000001,49.0,26.78,26.78008723493529,51.67888026017755,21.54103250488717,-1,PF(default),"[-0.36614173650741577, 0.7754803895950317, -0.5753002762794495]",-0.3333,0.09609297747251129,0.458962933554222,0.4810370664457779,0.511037066445778,0.04691122899876925,0.0,True,False,False,False,6a157b42-6614-43b4-b406-86ab4d10b60e
1,normal,47,65,continuous,paper,1,URLLC,0.624,1950.0,780.0,1509.6,6129.0,60.0,40.0,15.0,51.67999999999999,26.78008723493529,51.67888026017755,21.54103250488717,-1,PF(default),"[-0.36614173650741577, 0.7754803895950317, -0.5753002762794495]",-0.3333,0.09609297747251129,0.458962933554222,0.4810370664457779,0.511037066445778,0.04691122899876925,0.0,False,False,False,False,6a157b42-6614-43b4-b406-86ab4d10b60e
1,normal,47,65,continuous,paper,2,MTC,2.1504,2560.0,2688.0,220.3,697.0,30.0,70.0,6.0,21.539999999999996,26.78008723493529,51.67888026017755,21.54103250488717,-1,PF(default),"[-0.36614173650741577, 0.7754803895950317, -0.5753002762794495]",-0.3333,0.09609297747251129,0.458962933554222,0.4810370664457779,0.511037066445778,0.04691122899876925,0.0,False,False,False,False,6a157b42-6614-43b4-b406-86ab4d10b60e
1,normal,47,66,continuous,paper,0,eMBB,7.3344,91680.0,9168.0,989328.8,1128844.0,90.0,10.0,54.0,25.05,25.04839789034642,54.27057848291754,20.68102362673604,-1,PF(default),"[-0.6092284917831421, 0.7988054156303406, -0.7413226366043091]",-0.3333,0.09169469297119669,0.44742885646876984,0.4925711435312302,0.5225711435312301,0.02591698222739998,0.0,True,False,False,False,6a157b42-6614-43b4-b406-86ab4d10b60e
1,normal,47,66,continuous,paper,1,URLLC,0.624,1950.0,780.0,1460.4,6129.0,60.0,40.0,15.0,54.27,25.04839789034642,54.27057848291754,20.68102362673604,-1,PF(default),"[-0.6092284917831421, 0.7988054156303406, -0.7413226366043091]",-0.3333,0.09169469297119669,0.44742885646876984,0.4925711435312302,0.5225711435312301,0.02591698222739998,0.0,False,False,False,False,6a157b42-6614-43b4-b406-86ab4d10b60e
1,normal,47,66,continuous,paper,2,MTC,2.9696000000000002,3840.0,3712.0,203.0,797.0,43.330999999999996,56.669000000000004,13.0,20.680000000000003,25.04839789034642,54.27057848291754,20.68102362673604,-1,PF(default),"[-0.6092284917831421, 0.7988054156303406, -0.7413226366043091]",-0.3333,0.09169469297119669,0.44742885646876984,0.4925711435312302,0.5225711435312301,0.02591698222739998,0.0,False,False,False,False,6a157b42-6614-43b4-b406-86ab4d10b60e
1,normal,47,67,continuous,paper,0,eMBB,25.670399999999997,91680.0,32088.0,1000612.0,1128844.0,70.0,30.0,42.0,25.22,25.220272402182935,38.357357319362,36.42237027845507,-1,PF(default),"[-0.49836599826812744, 0.26511669158935547, 0.4943719804286957]",0.0,0.20023751677665158,0.4443378126903368,0.49566218730966327,0.5256621873096632,0.15913221163555544,0.0,False,True,False,False,6a157b42-6614-43b4-b406-86ab4d10b60e
1,normal,47,67,continuous,paper,1,URLLC,1.4352,1950.0,1794.0,1533.4,6129.0,48.0,52.0,12.0,38.36,25.220272402182935,38.357357319362,36.42237027845507,-1,PF(default),"[-0.49836599826812744, 0.26511669158935547, 0.4943719804286957]",0.0,0.20023751677665158,0.4443378126903368,0.49566218730966327,0.5256621873096632,0.15913221163555544,0.0,False,False,False,False,6a157b42-6614-43b4-b406-86ab4d10b60e
1,normal,47,67,continuous,paper,2,MTC,1.6384000000000003,2560.0,2048.0,196.6,533.0,20.0,80.0,4.0,36.42000000000001,25.220272402182935,38.357357319362,36.42237027845507,-1,PF(default),"[-0.49836599826812744, 0.26511669158935547, 0.4943719804286957]",0.0,0.20023751677665158,0.4443378126903368,0.49566218730966327,0.5256621873096632,0.15913221163555544,0.0,False,False,False,False,6a157b42-6614-43b4-b406-86ab4d10b60e
1,normal,47,68,continuous,paper,0,eMBB,19.5584,84040.0,24448.0,1013823.2,1153062.0,70.91,29.090000000000003,39.0,31.22,31.22028339772204,33.99310538143941,34.78661122083855,-1,PF(default),"[-0.5289508700370789, -0.5683401823043823, -0.14110516011714935]",0.0,0.17502556936868577,0.509926658005278,0.4300733419947219,0.46007334199472194,0.06000010995539101,0.0,False,True,False,False,6a157b42-6614-43b4-b406-86ab4d10b60e
1,normal,47,68,continuous,paper,1,URLLC,0.624,1950.0,780.0,1611.0,6543.0,60.0,40.0,15.0,33.99,31.22028339772204,33.99310538143941,34.78661122083855,-1,PF(default),"[-0.5289508700370789, -0.5683401823043823, -0.14110516011714935]",0.0,0.17502556936868577,0.509926658005278,0.4300733419947219,0.46007334199472194,0.06000010995539101,0.0,False,False,False,False,6a157b42-6614-43b4-b406-86ab4d10b60e
1,normal,47,68,continuous,paper,2,MTC,2.4576,3840.0,3072.0,203.0,533.0,20.0,80.0,6.0,34.790000000000006,31.22028339772204,33.99310538143941,34.78661122083855,-1,PF(default),"[-0.5289508700370789, -0.5683401823043823, -0.14110516011714935]",0.0,0.17502556936868577,0.509926658005278,0.4300733419947219,0.46007334199472194,0.06000010995539101,0.0,False,False,False,False,6a157b42-6614-43b4-b406-86ab4d10b60e
1,normal,47,69,continuous,paper,0,eMBB,13.446399999999999,91680.0,16808.0,1034453.0,1183336.0,81.668,18.331999999999994,49.0,34.07,34.06702950351194,37.47640992236438,28.456560574123678,-1,PF(default),"[-0.5176382660865784, -0.5133731365203857, -0.6581035256385803]",0.21429844772954576,0.14915046620735536,0.5344126136786052,0.4055873863213948,0.4355873863213948,0.06330050646714874,0.0,False,False,False,False,6a157b42-6614-43b4-b406-86ab4d10b60e
1,normal,47,69,continuous,paper,1,URLLC,0.7488,1950.0,936.0,1545.2,6543.0,60.0,40.0,15.0,37.48,34.06702950351194,37.47640992236438,28.456560574123678,-1,PF(default),"[-0.5176382660865784, -0.5133731365203857, -0.6581035256385803]",0.21429844772954576,0.14915046620735536,0.5344126136786052,0.4055873863213948,0.4355873863213948,0.06330050646714874,0.0,False,False,False,False,6a157b42-6614-43b4-b406-86ab4d10b60e
1,normal,47,69,continuous,paper,2,MTC,2.2528,2560.0,2816.0,208.4,777.0,20.0,80.0,4.0,28.46,34.06702950351194,37.47640992236438,28.456560574123678,-1,PF(default),"[-0.5176382660865784, -0.5133731365203857, -0.6581035256385803]",0.21429844772954576,0.14915046620735536,0.5344126136786052,0.4055873863213948,0.4355873863213948,0.06330050646714874,0.0,False,False,False,False,6a157b42-6614-43b4-b406-86ab4d10b60e
1,normal,47,70,continuous,paper,0,eMBB,12.224,91680.0,15280.0,1045479.8,1191726.0,83.334,16.665999999999997,50.0,34.87,34.8661393228223,33.65624867727234,31.477611999905363,-1,PF(default),"[-0.32248079776763916, -0.6097677946090698, -0.3257015645503998]",0.21200501801226046,0.12722196464468624,0.5515958546886391,0.3884041453113608,0.41840414531136083,0.038201612450920436,0.0,False,False,False,False,6a157b42-6614-43b4-b406-86ab4d10b60e
1,normal,47,70,continuous,paper,1,URLLC,0.624,1950.0,780.0,1542.0,6624.0,60.0,40.0,15.0,33.66,34.8661393228223,33.65624867727234,31.477611999905363,-1,PF(default),"[-0.32248079776763916, -0.6097677946090698, -0.3257015645503998]",0.21200501801226046,0.12722196464468624,0.5515958546886391,0.3884041453113608,0.41840414531136083,0.038201612450920436,0.0,False,False,False,False,6a157b42-6614-43b4-b406-86ab4d10b60e
1,normal,47,70,continuous,paper,2,MTC,1.8432000000000002,3840.0,2304.0,168.1,401.0,39.998,60.002,12.0,31.48,34.8661393228223,33.65624867727234,31.477611999905363,-1,PF(default),"[-0.32248079776763916, -0.6097677946090698, -0.3257015645503998]",0.21200501801226046,0.12722196464468624,0.5515958546886391,0.3884041453113608,0.41840414531136083,0.038201612450920436,0.0,False,False,False,False,6a157b42-6614-43b4-b406-86ab4d10b60e
1,normal,47,71,continuous,paper,0,eMBB,7.3344,84040.0,9168.0,1054233.0,1191726.0,89.092,10.908000000000001,49.0,33.61,33.60683130008307,33.39981119861203,32.99335750130489,-1,PF(default),"[-0.32084888219833374, -0.5553940534591675, -0.17213210463523865]",0.20994132009226046,0.10835405245318057,0.5239283948592119,0.416071605140788,0.44607160514078803,0.015157455013995319,0.0,False,False,False,False,6a157b42-6614-43b4-b406-86ab4d10b60e
1,normal,47,71,continuous,paper,1,URLLC,0.624,1950.0,780.0,1443.6,6624.0,60.0,40.0,15.0,33.4,33.60683130008307,33.39981119861203,32.99335750130489,-1,PF(default),"[-0.32084888219833374, -0.5553940534591675, -0.17213210463523865]",0.20994132009226046,0.10835405245318057,0.5239283948592119,0.416071605140788,0.44607160514078803,0.015157455013995319,0.0,False,False,False,False,6a157b42-6614-43b4-b406-86ab4d10b60e
1,normal,47,71,continuous,paper,2,MTC,2.4576,2560.0,3072.0,129.9,137.0,20.0,80.0,4.0,32.99,33.60683130008307,33.39981119861203,32.99335750130489,-1,PF(default),"[-0.32084888219833374, -0.5553940534591675, -0.17213210463523865]",0.20994132009226046,0.10835405245318057,0.5239283948592119,0.416071605140788,0.44607160514078803,0.015157455013995319,0.0,False,False,False,False,6a157b42-6614-43b4-b406-86ab4d10b60e
1,normal,47,72,continuous,paper,0,eMBB,6.112,91680.0,7640.0,1076423.2,1233437.0,91.666,8.334000000000003,55.0,28.639999999999997,28.64130306657845,42.04542342887538,29.313273504546178,-1,PF(default),"[-0.2096174955368042, 0.40055757761001587, 0.07868244498968124]",0.1984691988504376,0.07471223521877673,0.4805775879720713,0.4594224120279288,0.4894224120279286,0.08645612230263347,0.0,False,False,False,False,6a157b42-6614-43b4-b406-86ab4d10b60e
1,normal,47,72,continuous,paper,1,URLLC,0.624,1950.0,780.0,1534.6,7161.0,60.0,40.0,15.0,42.05,28.64130306657845,42.04542342887538,29.313273504546178,-1,PF(default),"[-0.2096174955368042, 0.40055757761001587, 0.07868244498968124]",0.1984691988504376,0.07471223521877673,0.4805775879720713,0.4594224120279288,0.4894224120279286,0.08645612230263347,0.0,False,False,False,False,6a157b42-6614-43b4-b406-86ab4d10b60e
1,normal,47,72,continuous,paper,2,MTC,1.6384000000000003,3840.0,2048.0,143.8,269.0,46.663999999999994,53.336000000000006,14.0,29.309999999999995,28.64130306657845,42.04542342887538,29.313273504546178,-1,PF(default),"[-0.2096174955368042, 0.40055757761001587, 0.07868244498968124]",0.1984691988504376,0.07471223521877673,0.4805775879720713,0.4594224120279288,0.4894224120279286,0.08645612230263347,0.0,False,False,False,False,6a157b42-6614-43b4-b406-86ab4d10b60e
1,normal,47,73,continuous,paper,0,eMBB,11.0016,91680.0,13752.0,1091279.8,1249402.0,85.0,15.0,51.0,45.04,45.037674720354914,31.55648159615533,23.405843683489753,-1,PF(default),"[0.3165973424911499, -0.5815827250480652, -0.7191846966743469]",0.20565760715384146,0.1984832640938748,0.6392138369035858,0.3007861630964142,0.3307861630964142,0.16396371653776473,0.0,False,False,False,False,6a157b42-6614-43b4-b406-86ab4d10b60e
1,normal,47,73,continuous,paper,1,URLLC,3.6192,1950.0,4524.0,1485.2,6914.0,40.0,60.0,10.0,31.559999999999995,45.037674720354914,31.55648159615533,23.405843683489753,-1,PF(default),"[0.3165973424911499, -0.5815827250480652, -0.7191846966743469]",0.20565760715384146,0.1984832640938748,0.6392138369035858,0.3007861630964142,0.3307861630964142,0.16396371653776473,0.0,False,False,False,False,6a157b42-6614-43b4-b406-86ab4d10b60e
1,normal,47,73,continuous,paper,2,MTC,2.3552,2560.0,2944.0,158.4,401.0,20.0,80.0,4.0,23.41,45.037674720354914,31.55648159615533,23.405843683489753,-1,PF(default),"[0.3165973424911499, -0.5815827250480652, -0.7191846966743469]",0.20565760715384146,0.1984832640938748,0.6392138369035858,0.3007861630964142,0.3307861630964142,0.16396371653776473,0.0,False,False,False,False,6a157b42-6614-43b4-b406-86ab4d10b60e
1,normal,47,74,continuous,paper,0,eMBB,11.0016,84040.0,13752.0,1107532.0,1267577.0,83.636,16.364000000000004,46.0,28.74,28.744220470728155,33.050554203791805,38.20522532548004,-1,PF(default),"[-0.8526870608329773, -0.775343120098114, -0.13050240278244019]",0.20554836683384145,0.10627462206503743,0.4916428221789718,0.44835717782102813,0.47835717782102816,0.16293454249626763,0.0,False,False,False,False,6a157b42-6614-43b4-b406-86ab4d10b60e
1,normal,47,74,continuous,paper,1,URLLC,0.4992,1950.0,624.0,1485.2,6914.0,68.0,32.0,17.0,33.05,28.744220470728155,33.050554203791805,38.20522532548004,-1,PF(default),"[-0.8526870608329773, -0.775343120098114, -0.13050240278244019]",0.20554836683384145,0.10627462206503743,0.4916428221789718,0.44835717782102813,0.47835717782102816,0.16293454249626763,0.0,False,False,False,False,6a157b42-6614-43b4-b406-86ab4d10b60e
1,normal,47,74,continuous,paper,2,MTC,1.7408000000000003,3840.0,2176.0,163.4,401.0,43.330999999999996,56.669000000000004,13.0,38.209999999999994,28.744220470728155,33.050554203791805,38.20522532548004,-1,PF(default),"[-0.8526870608329773, -0.775343120098114, -0.13050240278244019]",0.20554836683384145,0.10627462206503743,0.4916428221789718,0.44835717782102813,0.47835717782102816,0.16293454249626763,0.0,False,False,False,False,6a157b42-6614-43b4-b406-86ab4d10b60e
1,normal,47,75,continuous,paper,0,eMBB,12.223999999999998,91680.0,15280.0,1114966.8,1271736.0,83.332,16.668000000000006,50.0,40.45,40.44572388018117,29.969451958637855,29.584824161180983,-1,PF(default),"[0.18211477994918823, -0.6872349381446838, -0.19867846369743347]",0.20607339467384145,0.18358900276119341,0.5933480310169907,0.3466519689830093,0.37665196898300923,0.11701503409453012,0.0,False,False,False,False,6a157b42-6614-43b4-b406-86ab4d10b60e
1,normal,47,75,continuous,paper,1,URLLC,2.8080000000000003,1950.0,3510.0,1501.6,6914.0,40.0,60.0,10.0,29.97,40.44572388018117,29.969451958637855,29.584824161180983,-1,PF(default),"[0.18211477994918823, -0.6872349381446838, -0.19867846369743347]",0.20607339467384145,0.18358900276119341,0.5933480310169907,0.3466519689830093,0.37665196898300923,0.11701503409453012,0.0,False,False,False,False,6a157b42-6614-43b4-b406-86ab4d10b60e
1,normal,47,75,continuous,paper,2,MTC,1.6384000000000003,2560.0,2048.0,213.2,699.0,20.0,80.0,4.0,29.57999999999999,40.44572388018117,29.969451958637855,29.584824161180983,-1,PF(default),"[0.18211477994918823, -0.6872349381446838, -0.19867846369743347]",0.20607339467384145,0.18358900276119341,0.5933480310169907,0.3466519689830093,0.37665196898300923,0.11701503409453012,0.0,False,False,False,False,6a157b42-6614-43b4-b406-86ab4d10b60e
1,normal,47,76,continuous,paper,0,eMBB,18.336,91680.0,22920.0,1129753.2,1301636.0,75.0,25.0,45.0,48.02,48.022651846018974,26.568433457309716,25.40891469667131,-1,PF(default),"[0.6125809550285339, -0.9506019949913025, -0.3418300449848175]",0.0,0.21531917344149934,0.6749215400707227,0.26507845992927725,0.2950784599292773,0.07576927965837807,0.0,False,True,False,False,6a157b42-6614-43b4-b406-86ab4d10b60e
1,normal,47,76,continuous,paper,1,URLLC,0.7488,1950.0,936.0,1518.0,6914.0,60.0,40.0,15.0,26.57,48.022651846018974,26.568433457309716,25.40891469667131,-1,PF(default),"[0.6125809550285339, -0.9506019949913025, -0.3418300449848175]",0.0,0.21531917344149934,0.6749215400707227,0.26507845992927725,0.2950784599292773,0.07576927965837807,0.0,False,False,False,False,6a157b42-6614-43b4-b406-86ab4d10b60e
1,normal,47,76,continuous,paper,2,MTC,2.4576,3840.0,3072.0,216.2,533.0,20.0,80.0,6.0,25.41,48.022651846018974,26.568433457309716,25.40891469667131,-1,PF(default),"[0.6125809550285339, -0.9506019949913025, -0.3418300449848175]",0.0,0.21531917344149934,0.6749215400707227,0.26507845992927725,0.2950784599292773,0.07576927965837807,0.0,False,False,False,False,6a157b42-6614-43b4-b406-86ab4d10b60e
1,normal,47,77,continuous,paper,0,eMBB,8.556799999999999,84040.0,10696.0,1136794.6,1301636.0,87.274,12.725999999999999,48.0,26.7,26.703879172088484,26.160552466238084,47.13556836167343,-1,PF(default),"[-0.3441646099090576, -0.8324636220932007, 0.8698475360870361]",0.20458934475384144,0.13102814100540025,0.4527877650562139,0.487212234943786,0.5172122349437861,0.21726653665002119,0.0,False,False,False,False,6a157b42-6614-43b4-b406-86ab4d10b60e
1,normal,47,77,continuous,paper,1,URLLC,3.9936000000000003,1950.0,4992.0,1501.6,6914.0,40.0,60.0,10.0,26.160000000000004,26.703879172088484,26.160552466238084,47.13556836167343,-1,PF(default),"[-0.3441646099090576, -0.8324636220932007, 0.8698475360870361]",0.20458934475384144,0.13102814100540025,0.4527877650562139,0.487212234943786,0.5172122349437861,0.21726653665002119,0.0,False,False,False,False,6a157b42-6614-43b4-b406-86ab4d10b60e
1,normal,47,77,continuous,paper,2,MTC,2.4576,2560.0,3072.0,238.6,699.0,20.0,80.0,4.0,47.13999999999999,26.703879172088484,26.160552466238084,47.13556836167343,-1,PF(default),"[-0.3441646099090576, -0.8324636220932007, 0.8698475360870361]",0.20458934475384144,0.13102814100540025,0.4527877650562139,0.487212234943786,0.5172122349437861,0.21726653665002119,0.0,False,False,False,False,6a157b42-6614-43b4-b406-86ab4d10b60e
1,normal,47,78,continuous,paper,0,eMBB,6.112,91680.0,7640.0,1158846.6,1312632.0,91.666,8.334000000000003,55.0,31.05,31.054822548561766,28.41139995791156,40.53377749352668,-1,PF(default),"[0.06976046413183212, -0.4671728014945984, 0.7064113020896912]",0.20335722187384145,0.07800795926759001,0.5033578293603921,0.43664217063960786,0.4666421706396079,0.06601790868146754,0.0,False,False,False,False,6a157b42-6614-43b4-b406-86ab4d10b60e
1,normal,47,78,continuous,paper,1,URLLC,0.624,1950.0,780.0,1468.8,6914.0,60.0,40.0,15.0,28.410000000000004,31.054822548561766,28.41139995791156,40.53377749352668,-1,PF(default),"[0.06976046413183212, -0.4671728014945984, 0.7064113020896912]",0.20335722187384145,0.07800795926759001,0.5033578293603921,0.43664217063960786,0.4666421706396079,0.06601790868146754,0.0,False,False,False,False,6a157b42-6614-43b4-b406-86ab4d10b60e
1,normal,47,78,continuous,paper,2,MTC,1.6384000000000003,3840.0,2048.0,201.1,739.0,46.663999999999994,53.336000000000006,14.0,40.529999999999994,31.054822548561766,28.41139995791156,40.53377749352668,-1,PF(default),"[0.06976046413183212, -0.4671728014945984, 0.7064113020896912]",0.20335722187384145,0.07800795926759001,0.5033578293603921,0.43664217063960786,0.4666421706396079,0.06601790868146754,0.0,False,False,False,False,6a157b42-6614-43b4-b406-86ab4d10b60e
1,normal,47,79,continuous,paper,0,eMBB,4.8896,91680.0,6112.0,1178332.6,1345306.0,93.334,6.665999999999997,56.0,35.69,35.68609946602811,30.82443286043606,33.489467673535835,-1,PF(default),"[0.12560628354549408, -0.4381366968154907, 0.18348340690135956]",0.18757451647959256,0.0919126018289284,0.5401973411291792,0.3998026588708209,0.4298026588708209,0.07044309819990843,0.0,False,False,False,False,6a157b42-6614-43b4-b406-86ab4d10b60e
1,normal,47,79,continuous,paper,1,URLLC,0.624,1950.0,780.0,1645.0,7713.0,60.0,40.0,15.0,30.82,35.68609946602811,30.82443286043606,33.489467673535835,-1,PF(default),"[0.12560628354549408, -0.4381366968154907, 0.18348340690135956]",0.18757451647959256,0.0919126018289284,0.5401973411291792,0.3998026588708209,0.4298026588708209,0.07044309819990843,0.0,False,False,False,False,6a157b42-6614-43b4-b406-86ab4d10b60e
1,normal,47,79,continuous,paper,2,MTC,2.4576,2560.0,3072.0,169.5,401.0,20.0,80.0,4.0,33.49,35.68609946602811,30.82443286043606,33.489467673535835,-1,PF(default),"[0.12560628354549408, -0.4381366968154907, 0.18348340690135956]",0.18757451647959256,0.0919126018289284,0.5401973411291792,0.3998026588708209,0.4298026588708209,0.07044309819990843,0.0,False,False,False,False,6a157b42-6614-43b4-b406-86ab4d10b60e
1,normal,47,80,continuous,paper,0,eMBB,8.556799999999999,84040.0,10696.0,1191486.8,1356965.0,87.274,12.725999999999999,48.0,28.440000000000005,28.44255368980341,28.48387841438158,43.07356789581502,-1,PF(default),"[-0.13813534379005432, -0.46616312861442566, 0.7881139516830444]",-0.3333,0.09266834360742388,0.48237098379397136,0.4576290162060287,0.4876290162060286,0.0958410022227918,0.0,True,False,False,False,6a157b42-6614-43b4-b406-86ab4d10b60e
1,normal,47,80,continuous,paper,1,URLLC,0.624,1950.0,780.0,1661.4,7713.0,60.0,40.0,15.0,28.48,28.44255368980341,28.48387841438158,43.07356789581502,-1,PF(default),"[-0.13813534379005432, -0.46616312861442566, 0.7881139516830444]",-0.3333,0.09266834360742388,0.48237098379397136,0.4576290162060287,0.4876290162060286,0.0958410022227918,0.0,False,False,False,False,6a157b42-6614-43b4-b406-86ab4d10b60e
1,normal,47,80,continuous,paper,2,MTC,1.6384000000000003,3840.0,2048.0,139.3,160.0,46.663999999999994,53.336000000000006,14.0,43.07,28.44255368980341,28.48387841438158,43.07356789581502,-1,PF(default),"[-0.13813534379005432, -0.46616312861442566, 0.7881139516830444]",-0.3333,0.09266834360742388,0.48237098379397136,0.4576290162060287,0.4876290162060286,0.0958410022227918,0.0,False,False,False,False,6a157b42-6614-43b4-b406-86ab4d10b60e
1,normal,47,81,continuous,paper,0,eMBB,9.7792,91680.0,12224.0,1207861.8,1387942.0,86.666,13.334000000000003,52.0,39.66,39.65935530517234,28.48280861468595,31.85783608014171,-1,PF(default),"[0.25263363122940063, -0.7445735335350037, 0.036389220505952835]",-0.3333,0.12008863203419426,0.5888196486584472,0.3511803513415529,0.3811803513415528,0.11216801615368932,0.0,True,False,False,False,6a157b42-6614-43b4-b406-86ab4d10b60e
1,normal,47,81,continuous,paper,1,URLLC,0.4992,1950.0,624.0,1772.4,8104.0,68.0,32.0,17.0,28.48,39.65935530517234,28.48280861468595,31.85783608014171,-1,PF(default),"[0.25263363122940063, -0.7445735335350037, 0.036389220505952835]",-0.3333,0.12008863203419426,0.5888196486584472,0.3511803513415529,0.3811803513415528,0.11216801615368932,0.0,False,False,False,False,6a157b42-6614-43b4-b406-86ab4d10b60e
1,normal,47,81,continuous,paper,2,MTC,1.6384000000000003,2560.0,2048.0,141.8,249.0,20.0,80.0,4.0,31.860000000000007,39.65935530517234,28.48280861468595,31.85783608014171,-1,PF(default),"[0.25263363122940063, -0.7445735335350037, 0.036389220505952835]",-0.3333,0.12008863203419426,0.5888196486584472,0.3511803513415529,0.3811803513415528,0.11216801615368932,0.0,False,False,False,False,6a157b42-6614-43b4-b406-86ab4d10b60e
1,normal,47,82,continuous,paper,0,eMBB,9.7792,91680.0,12224.0,1216351.8,1387942.0,86.666,13.334000000000003,52.0,27.22,27.222552619851804,27.052440432359848,45.72500694778835,-1,PF(default),"[-0.4374980330467224, -0.8409658074378967, 0.683510422706604]",-0.3333,0.12722226766491332,0.45693697768420327,0.4830630223157967,0.5130630223157967,0.1386717086764664,0.0,True,False,False,False,6a157b42-6614-43b4-b406-86ab4d10b60e
1,normal,47,82,continuous,paper,1,URLLC,2.3712,1950.0,2964.0,1294.2,5877.0,20.0,80.0,5.0,27.05,27.222552619851804,27.052440432359848,45.72500694778835,-1,PF(default),"[-0.4374980330467224, -0.8409658074378967, 0.683510422706604]",-0.3333,0.12722226766491332,0.45693697768420327,0.4830630223157967,0.5130630223157967,0.1386717086764664,0.0,False,False,False,False,6a157b42-6614-43b4-b406-86ab4d10b60e
1,normal,47,82,continuous,paper,2,MTC,2.4576,3840.0,3072.0,148.2,249.0,20.0,80.0,6.0,45.730000000000004,27.222552619851804,27.052440432359848,45.72500694778835,-1,PF(default),"[-0.4374980330467224, -0.8409658074378967, 0.683510422706604]",-0.3333,0.12722226766491332,0.45693697768420327,0.4830630223157967,0.5130630223157967,0.1386717086764664,0.0,False,False,False,False,6a157b42-6614-43b4-b406-86ab4d10b60e
1,normal,47,83,continuous,paper,0,eMBB,7.3344,84040.0,9168.0,1238797.4,1418572.0,89.092,10.908000000000001,49.0,28.829999999999995,28.83460002564545,28.611316854679547,42.554083119675,-1,PF(default),"[-0.4200039207935333, -0.7658677101135254, 0.45587706565856934]",-0.3333,0.1272525972499543,0.4698787408648577,0.47012125913514236,0.5001212591351423,0.03170923828113348,0.0,True,False,False,False,6a157b42-6614-43b4-b406-86ab4d10b60e
1,normal,47,83,continuous,paper,1,URLLC,2.8704,1950.0,3588.0,1305.4,5441.0,40.0,60.0,10.0,28.610000000000003,28.83460002564545,28.611316854679547,42.554083119675,-1,PF(default),"[-0.4200039207935333, -0.7658677101135254, 0.45587706565856934]",-0.3333,0.1272525972499543,0.4698787408648577,0.47012125913514236,0.5001212591351423,0.03170923828113348,0.0,False,False,False,False,6a157b42-6614-43b4-b406-86ab4d10b60e
1,normal,47,83,continuous,paper,2,MTC,2.3552,2560.0,2944.0,163.3,493.0,20.0,80.0,4.0,42.550000000000004,28.83460002564545,28.611316854679547,42.554083119675,-1,PF(default),"[-0.4200039207935333, -0.7658677101135254, 0.45587706565856934]",-0.3333,0.1272525972499543,0.4698787408648577,0.47012125913514236,0.5001212591351423,0.03170923828113348,0.0,False,False,False,False,6a157b42-6614-43b4-b406-86ab4d10b60e
1,normal,47,84,continuous,paper,0,eMBB,8.556799999999999,91680.0,10696.0,1249402.6,1418572.0,88.332,11.668000000000006,53.0,28.2,28.195852568674706,31.703942561915476,40.100204869409815,-1,PF(default),"[-0.057231031358242035, -0.042331550270318985, 0.7848454117774963]",-0.3333,0.09693579841859089,0.4714815530939813,0.46851844690601874,0.49851844690601865,0.030926257072359298,0.0,True,False,False,False,6a157b42-6614-43b4-b406-86ab4d10b60e
1,normal,47,84,continuous,paper,1,URLLC,0.9359999999999999,1950.0,1170.0,756.0,3268.0,40.0,60.0,10.0,31.7,28.195852568674706,31.703942561915476,40.100204869409815,-1,PF(default),"[-0.057231031358242035, -0.042331550270318985, 0.7848454117774963]",-0.3333,0.09693579841859089,0.4714815530939813,0.46851844690601874,0.49851844690601865,0.030926257072359298,0.0,False,False,False,False,6a157b42-6614-43b4-b406-86ab4d10b60e
1,normal,47,84,continuous,paper,2,MTC,1.7408000000000003,3840.0,2176.0,161.6,493.0,43.330999999999996,56.669000000000004,13.0,40.10000000000001,28.195852568674706,31.703942561915476,40.100204869409815,-1,PF(default),"[-0.057231031358242035, -0.042331550270318985, 0.7848454117774963]",-0.3333,0.09693579841859089,0.4714815530939813,0.46851844690601874,0.49851844690601865,0.030926257072359298,0.0,False,False,False,False,6a157b42-6614-43b4-b406-86ab4d10b60e
1,normal,47,85,continuous,paper,0,eMBB,6.112,91680.0,7640.0,1258909.0,1418572.0,91.666,8.334000000000003,55.0,31.49,31.494430075627882,46.71761642164992,21.787953502722196,-1,PF(default),"[0.13394278287887573, 0.7226521968841553, -0.4281550347805023]",-0.3333,0.09476507825374156,0.49492854515431084,0.445071454845689,0.47507145484568913,0.1831225136668762,0.0,True,False,False,False,6a157b42-6614-43b4-b406-86ab4d10b60e
1,normal,47,85,continuous,paper,1,URLLC,0.7488,1950.0,936.0,756.0,3268.0,52.0,48.0,13.0,46.72,31.494430075627882,46.71761642164992,21.787953502722196,-1,PF(default),"[0.13394278287887573, 0.7226521968841553, -0.4281550347805023]",-0.3333,0.09476507825374156,0.49492854515431084,0.445071454845689,0.47507145484568913,0.1831225136668762,0.0,False,False,False,False,6a157b42-6614-43b4-b406-86ab4d10b60e
1,normal,47,85,continuous,paper,2,MTC,2.4576,2560.0,3072.0,121.2,137.0,20.0,80.0,4.0,21.789999999999996,31.494430075627882,46.71761642164992,21.787953502722196,-1,PF(default),"[0.13394278287887573, 0.7226521968841553, -0.4281550347805023]",-0.3333,0.09476507825374156,0.49492854515431084,0.445071454845689,0.47507145484568913,0.1831225136668762,0.0,False,False,False,False,6a157b42-6614-43b4-b406-86ab4d10b60e
1,normal,47,86,continuous,paper,0,eMBB,30.560000000000002,84040.0,38200.0,1272467.8,1436729.0,70.91,29.090000000000003,39.0,30.369999999999997,30.365345840521563,31.689207091846004,37.94544706763243,-1,PF(default),"[0.22655710577964783, 0.06780197471380234, 0.8123070597648621]",0.0,0.241761996989359,0.497398152380617,0.442601847619383,0.47260184761938295,0.16157493564910236,0.0,False,True,False,False,6a157b42-6614-43b4-b406-86ab4d10b60e
1,normal,47,86,continuous,paper,1,URLLC,1.0608,1950.0,1326.0,739.0,3265.0,40.0,60.0,10.0,31.690000000000005,30.365345840521563,31.689207091846004,37.94544706763243,-1,PF(default),"[0.22655710577964783, 0.06780197471380234, 0.8123070597648621]",0.0,0.241761996989359,0.497398152380617,0.442601847619383,0.47260184761938295,0.16157493564910236,0.0,False,False,False,False,6a157b42-6614-43b4-b406-86ab4d10b60e
1,normal,47,86,continuous,paper,2,MTC,1.6384000000000003,3840.0,2048.0,146.6,303.0,46.663999999999994,53.336000000000006,14.0,37.949999999999996,30.365345840521563,31.689207091846004,37.94544706763243,-1,PF(default),"[0.22655710577964783, 0.06780197471380234, 0.8123070597648621]",0.0,0.241761996989359,0.497398152380617,0.442601847619383,0.47260184761938295,0.16157493564910236,0.0,False,False,False,False,6a157b42-6614-43b4-b406-86ab4d10b60e
1,normal,47,87,continuous,paper,0,eMBB,4.8896,91680.0,6112.0,1297403.8,1485364.0,93.334,6.665999999999997,56.0,27.28,27.27504823422848,34.426505835697675,38.29844593007385,-1,PF(default),"[-0.8467613458633423, -0.5394956469535828, 0.008849747478961945]",0.2948869794978066,0.1038228755233771,0.44904497225025897,0.490955027749741,0.520955027749741,0.030902976062930854,0.0,False,False,False,False,6a157b42-6614-43b4-b406-86ab4d10b60e
1,normal,47,87,continuous,paper,1,URLLC,2.0592,1950.0,2574.0,844.6,3137.0,32.0,68.0,8.0,34.43,27.27504823422848,34.426505835697675,38.29844593007385,-1,PF(default),"[-0.8467613458633423, -0.5394956469535828, 0.008849747478961945]",0.2948869794978066,0.1038228755233771,0.44904497225025897,0.490955027749741,0.520955027749741,0.030902976062930854,0.0,False,False,False,False,6a157b42-6614-43b4-b406-86ab4d10b60e
1,normal,47,87,continuous,paper,2,MTC,2.3552,2560.0,2944.0,154.8,401.0,20.0,80.0,4.0,38.300000000000004,27.27504823422848,34.426505835697675,38.29844593007385,-1,PF(default),"[-0.8467613458633423, -0.5394956469535828, 0.008849747478961945]",0.2948869794978066,0.1038228755233771,0.44904497225025897,0.490955027749741,0.520955027749741,0.030902976062930854,0.0,False,False,False,False,6a157b42-6614-43b4-b406-86ab4d10b60e
1,normal,47,88,continuous,paper,0,eMBB,8.556799999999999,91680.0,10696.0,1313973.0,1506471.0,88.332,11.668000000000006,53.0,36.79,36.79019195248259,32.85334163338501,30.35646641413241,-1,PF(default),"[-0.18341006338596344, -0.6317785978317261, -0.3509071469306946]",0.30287931800676726,0.10282518030991085,0.5588190012232654,0.3811809987767345,0.41118099877673453,0.09515143718254107,0.0,False,False,False,False,6a157b42-6614-43b4-b406-86ab4d10b60e
1,normal,47,88,continuous,paper,1,URLLC,0.624,1950.0,780.0,740.6,2918.0,60.0,40.0,15.0,32.85,36.79019195248259,32.85334163338501,30.35646641413241,-1,PF(default),"[-0.18341006338596344, -0.6317785978317261, -0.3509071469306946]",0.30287931800676726,0.10282518030991085,0.5588190012232654,0.3811809987767345,0.41118099877673453,0.09515143718254107,0.0,False,False,False,False,6a157b42-6614-43b4-b406-86ab4d10b60e
1,normal,47,88,continuous,paper,2,MTC,1.7408000000000003,3840.0,2176.0,184.2,609.0,43.330999999999996,56.669000000000004,13.0,30.360000000000007,36.79019195248259,32.85334163338501,30.35646641413241,-1,PF(default),"[-0.18341006338596344, -0.6317785978317261, -0.3509071469306946]",0.30287931800676726,0.10282518030991085,0.5588190012232654,0.3811809987767345,0.41118099877673453,0.09515143718254107,0.0,False,False,False,False,6a157b42-6614-43b4-b406-86ab4d10b60e
1,normal,47,89,continuous,paper,0,eMBB,17.113599999999998,84040.0,21392.0,1323239.4,1506471.0,74.546,25.453999999999994,41.0,34.45,34.44930785345358,31.078225379859564,34.47246676668686,-1,PF(default),"[-0.17365984618663788, -0.6469948291778564, -0.0009291914175264537]",0.0,0.17963870178453775,0.5269833328286924,0.4130166671713077,0.4430166671713076,0.04116000352554447,0.0,False,True,False,False,6a157b42-6614-43b4-b406-86ab4d10b60e
1,normal,47,89,continuous,paper,1,URLLC,1.0608,1950.0,1326.0,731.4,2817.0,40.0,60.0,10.0,31.079999999999995,34.44930785345358,31.078225379859564,34.47246676668686,-1,PF(default),"[-0.17365984618663788, -0.6469948291778564, -0.0009291914175264537]",0.0,0.17963870178453775,0.5269833328286924,0.4130166671713077,0.4430166671713076,0.04116000352554447,0.0,False,False,False,False,6a157b42-6614-43b4-b406-86ab4d10b60e
1,normal,47,89,continuous,paper,2,MTC,1.6384000000000003,2560.0,2048.0,176.3,609.0,20.0,80.0,4.0,34.470000000000006,34.44930785345358,31.078225379859564,34.47246676668686,-1,PF(default),"[-0.17365984618663788, -0.6469948291778564, -0.0009291914175264537]",0.0,0.17963870178453775,0.5269833328286924,0.4130166671713077,0.4430166671713076,0.04116000352554447,0.0,False,False,False,False,6a157b42-6614-43b4-b406-86ab4d10b60e
1,normal,47,90,continuous,paper,0,eMBB,11.0016,91680.0,13752.0,1342795.0,1536082.0,85.0,15.0,51.0,27.24,27.24344154409133,32.32307445130872,40.433484004599954,-1,PF(default),"[-0.4810715317726135, -0.3284161686897278, 0.4595881402492523]",0.30712607255366364,0.1291654393543438,0.4566101538947992,0.48338984610520086,0.5133898461052008,0.07205866309362255,0.0,False,False,False,False,6a157b42-6614-43b4-b406-86ab4d10b60e
1,normal,47,90,continuous,paper,1,URLLC,1.4352,1950.0,1794.0,747.8,2817.0,40.0,60.0,10.0,32.32,27.24344154409133,32.32307445130872,40.433484004599954,-1,PF(default),"[-0.4810715317726135, -0.3284161686897278, 0.4595881402492523]",0.30712607255366364,0.1291654393543438,0.4566101538947992,0.48338984610520086,0.5133898461052008,0.07205866309362255,0.0,False,False,False,False,6a157b42-6614-43b4-b406-86ab4d10b60e
1,normal,47,90,continuous,paper,2,MTC,2.4576,3840.0,3072.0,169.3,328.0,20.0,80.0,6.0,40.43,27.24344154409133,32.32307445130872,40.433484004599954,-1,PF(default),"[-0.4810715317726135, -0.3284161686897278, 0.4595881402492523]",0.30712607255366364,0.1291654393543438,0.4566101538947992,0.48338984610520086,0.5133898461052008,0.07205866309362255,0.0,False,False,False,False,6a157b42-6614-43b4-b406-86ab4d10b60e
1,normal,47,91,continuous,paper,0,eMBB,4.8896,91680.0,6112.0,1351026.8,1541657.0,93.334,6.665999999999997,56.0,26.5,26.498254309783015,34.23919379006155,39.262551900155444,-1,PF(default),"[-0.6768596172332764, -0.30663126707077026, 0.2926766276359558]",0.302124913697291,0.07470060113159135,0.44373625311399545,0.4962637468860045,0.5262637468860045,0.01916119338752828,0.0,False,False,False,False,6a157b42-6614-43b4-b406-86ab4d10b60e
1,normal,47,91,continuous,paper,1,URLLC,0.624,1950.0,780.0,763.0,2893.0,60.0,40.0,15.0,34.24,26.498254309783015,34.23919379006155,39.262551900155444,-1,PF(default),"[-0.6768596172332764, -0.30663126707077026, 0.2926766276359558]",0.302124913697291,0.07470060113159135,0.44373625311399545,0.4962637468860045,0.5262637468860045,0.01916119338752828,0.0,False,False,False,False,6a157b42-6614-43b4-b406-86ab4d10b60e
1,normal,47,91,continuous,paper,2,MTC,2.4576,2560.0,3072.0,140.2,328.0,20.0,80.0,4.0,39.26,26.498254309783015,34.23919379006155,39.262551900155444,-1,PF(default),"[-0.6768596172332764, -0.30663126707077026, 0.2926766276359558]",0.302124913697291,0.07470060113159135,0.44373625311399545,0.4962637468860045,0.5262637468860045,0.01916119338752828,0.0,False,False,False,False,6a157b42-6614-43b4-b406-86ab4d10b60e
1,normal,47,92,continuous,paper,0,eMBB,14.6688,84040.0,18336.0,1370533.2,1564965.0,78.18199999999999,21.818000000000012,43.0,32.42,32.424946172938164,37.66007899913304,29.9149748279288,-1,PF(default),"[0.021914638578891754, 0.13574963808059692, 0.072638601064682]",0.30857994398259003,0.14334689890108757,0.5167848836949002,0.4232151163050998,0.4532151163050998,0.09347577072226643,0.0,False,False,False,False,6a157b42-6614-43b4-b406-86ab4d10b60e
1,normal,47,92,continuous,paper,1,URLLC,0.8112,1950.0,1014.0,904.0,2818.0,48.0,52.0,12.0,37.66,32.424946172938164,37.66007899913304,29.9149748279288,-1,PF(default),"[0.021914638578891754, 0.13574963808059692, 0.072638601064682]",0.30857994398259003,0.14334689890108757,0.5167848836949002,0.4232151163050998,0.4532151163050998,0.09347577072226643,0.0,False,False,False,False,6a157b42-6614-43b4-b406-86ab4d10b60e
1,normal,47,92,continuous,paper,2,MTC,1.6384000000000003,3840.0,2048.0,144.5,269.0,46.663999999999994,53.336000000000006,14.0,29.910000000000004,32.424946172938164,37.66007899913304,29.9149748279288,-1,PF(default),"[0.021914638578891754, 0.13574963808059692, 0.072638601064682]",0.30857994398259003,0.14334689890108757,0.5167848836949002,0.4232151163050998,0.4532151163050998,0.09347577072226643,0.0,False,False,False,False,6a157b42-6614-43b4-b406-86ab4d10b60e
1,normal,47,93,continuous,paper,0,eMBB,11.0016,91680.0,13752.0,1383087.8,1564965.0,85.0,15.0,51.0,24.25,24.24877668027124,41.88430761059673,33.86691570913203,-1,PF(default),"[-0.7539923191070557, 0.30576619505882263, 0.24197690188884735]",0.30709589406259,0.11037149514351001,0.42390262639057574,0.5160973736094243,0.5460973736094242,0.0817616949266692,0.0,False,False,False,False,6a157b42-6614-43b4-b406-86ab4d10b60e
1,normal,47,93,continuous,paper,1,URLLC,0.9359999999999999,1950.0,1170.0,887.6,2818.0,40.0,60.0,10.0,41.88,24.24877668027124,41.88430761059673,33.86691570913203,-1,PF(default),"[-0.7539923191070557, 0.30576619505882263, 0.24197690188884735]",0.30709589406259,0.11037149514351001,0.42390262639057574,0.5160973736094243,0.5460973736094242,0.0817616949266692,0.0,False,False,False,False,6a157b42-6614-43b4-b406-86ab4d10b60e
1,normal,47,93,continuous,paper,2,MTC,2.4576,2560.0,3072.0,142.3,269.0,20.0,80.0,4.0,33.87,24.24877668027124,41.88430761059673,33.86691570913203,-1,PF(default),"[-0.7539923191070557, 0.30576619505882263, 0.24197690188884735]",0.30709589406259,0.11037149514351001,0.42390262639057574,0.5160973736094243,0.5460973736094242,0.0817616949266692,0.0,False,False,False,False,6a157b42-6614-43b4-b406-86ab4d10b60e
1,normal,47,94,continuous,paper,0,eMBB,11.0016,91680.0,13752.0,1390902.4,1564965.0,85.0,15.0,51.0,23.73,23.7340236923094,54.448110531934226,21.81786577575639,-1,PF(default),"[-0.739678144454956, 0.8440536260604858, -0.5573521852493286]",0.3267019608845408,0.09688641229204849,0.42839754552801024,0.5116024544719897,0.5416024544719897,0.1256380292133749,0.0,False,False,False,False,6a157b42-6614-43b4-b406-86ab4d10b60e
1,normal,47,94,continuous,paper,1,URLLC,0.8735999999999999,1950.0,1092.0,760.8,2184.0,44.0,56.0,11.0,54.45,23.7340236923094,54.448110531934226,21.81786577575639,-1,PF(default),"[-0.739678144454956, 0.8440536260604858, -0.5573521852493286]",0.3267019608845408,0.09688641229204849,0.42839754552801024,0.5116024544719897,0.5416024544719897,0.1256380292133749,0.0,False,False,False,False,6a157b42-6614-43b4-b406-86ab4d10b60e
1,normal,47,94,continuous,paper,2,MTC,1.6384000000000003,3840.0,2048.0,137.0,137.0,46.663999999999994,53.336000000000006,14.0,21.819999999999997,23.7340236923094,54.448110531934226,21.81786577575639,-1,PF(default),"[-0.739678144454956, 0.8440536260604858, -0.5573521852493286]",0.3267019608845408,0.09688641229204849,0.42839754552801024,0.5116024544719897,0.5416024544719897,0.1256380292133749,0.0,False,False,False,False,6a157b42-6614-43b4-b406-86ab4d10b60e
1,normal,47,95,continuous,paper,0,eMBB,9.7792,84040.0,12224.0,1399668.2,1564965.0,85.45599999999999,14.544000000000011,47.0,34.55,34.54803865276613,25.315919120422592,40.13604222681128,-1,PF(default),"[0.2536839544773102, -0.9594628214836121, 0.6582720279693604]",0.3261587263245408,0.1374671885121207,0.5278597374685902,0.4121402625314099,0.4421402625314098,0.2913219141151163,0.0,False,False,False,False,6a157b42-6614-43b4-b406-86ab4d10b60e
1,normal,47,95,continuous,paper,1,URLLC,1.1856,1950.0,1482.0,790.2,2184.0,48.0,52.0,12.0,25.32,34.54803865276613,25.315919120422592,40.13604222681128,-1,PF(default),"[0.2536839544773102, -0.9594628214836121, 0.6582720279693604]",0.3261587263245408,0.1374671885121207,0.5278597374685902,0.4121402625314099,0.4421402625314098,0.2913219141151163,0.0,False,False,False,False,6a157b42-6614-43b4-b406-86ab4d10b60e
1,normal,47,95,continuous,paper,2,MTC,1.6384000000000003,2560.0,2048.0,197.1,797.0,20.0,80.0,4.0,40.13999999999999,34.54803865276613,25.315919120422592,40.13604222681128,-1,PF(default),"[0.2536839544773102, -0.9594628214836121, 0.6582720279693604]",0.3261587263245408,0.1374671885121207,0.5278597374685902,0.4121402625314099,0.4421402625314098,0.2913219141151163,0.0,False,False,False,False,6a157b42-6614-43b4-b406-86ab4d10b60e
1,normal,47,96,continuous,paper,0,eMBB,17.113599999999998,91680.0,21392.0,1421741.2,1639649.0,76.666,23.334000000000003,46.0,32.31,32.31431307421065,42.302272636617744,25.3834142891716,-1,PF(default),"[-0.20956142246723175, 0.14470013976097107, -0.47105538845062256]",0.0,0.15129900641542823,0.5074232266587206,0.4325767733412793,0.46257677334127933,0.16986353516195152,0.0,False,True,False,False,6a157b42-6614-43b4-b406-86ab4d10b60e
1,normal,47,96,continuous,paper,1,URLLC,0.6864,1950.0,858.0,322.6,773.0,56.0,44.0,14.0,42.3,32.31431307421065,42.302272636617744,25.3834142891716,-1,PF(default),"[-0.20956142246723175, 0.14470013976097107, -0.47105538845062256]",0.0,0.15129900641542823,0.5074232266587206,0.4325767733412793,0.46257677334127933,0.16986353516195152,0.0,False,False,False,False,6a157b42-6614-43b4-b406-86ab4d10b60e
1,normal,47,96,continuous,paper,2,MTC,2.4576,3840.0,3072.0,216.2,797.0,20.0,80.0,6.0,25.38,32.31431307421065,42.302272636617744,25.3834142891716,-1,PF(default),"[-0.20956142246723175, 0.14470013976097107, -0.47105538845062256]",0.0,0.15129900641542823,0.5074232266587206,0.4325767733412793,0.46257677334127933,0.16986353516195152,0.0,False,False,False,False,6a157b42-6614-43b4-b406-86ab4d10b60e
1,normal,47,97,continuous,paper,0,eMBB,7.3344000000000005,91680.0,9168.0,1441406.4,1639649.0,90.0,10.0,54.0,32.3,32.303360733586885,32.46625030039353,35.230388966019596,-1,PF(default),"[-0.1587710827589035, -0.38547298312187195, 0.17777806520462036]",0.38117588877997977,0.12778336500672446,0.49738084748838274,0.44261915251161726,0.47261915251161724,0.09846974676847992,0.0,False,False,False,False,6a157b42-6614-43b4-b406-86ab4d10b60e
1,normal,47,97,continuous,paper,1,URLLC,2.6208,1950.0,3276.0,251.0,579.0,20.0,80.0,5.0,32.47,32.303360733586885,32.46625030039353,35.230388966019596,-1,PF(default),"[-0.1587710827589035, -0.38547298312187195, 0.17777806520462036]",0.38117588877997977,0.12778336500672446,0.49738084748838274,0.44261915251161726,0.47261915251161724,0.09846974676847992,0.0,False,False,False,False,6a157b42-6614-43b4-b406-86ab4d10b60e
1,normal,47,97,continuous,paper,2,MTC,2.3552,2560.0,2944.0,208.3,929.0,20.0,80.0,4.0,35.230000000000004,32.303360733586885,32.46625030039353,35.230388966019596,-1,PF(default),"[-0.1587710827589035, -0.38547298312187195, 0.17777806520462036]",0.38117588877997977,0.12778336500672446,0.49738084748838274,0.44261915251161726,0.47261915251161724,0.09846974676847992,0.0,False,False,False,False,6a157b42-6614-43b4-b406-86ab4d10b60e
1,normal,47,98,continuous,paper,0,eMBB,9.7792,84040.0,12224.0,1454226.0,1671170.0,85.456,14.543999999999997,47.0,36.63,36.63280753998584,36.885579941073765,26.481612518940395,-1,PF(default),"[-0.1989498883485794, -0.3666112422943115, -0.6169071197509766]",0.3859851638795468,0.1260799022037301,0.5534115108807109,0.38658848911928906,0.41658848911928914,0.08748776447079198,0.0,False,False,False,False,6a157b42-6614-43b4-b406-86ab4d10b60e
1,normal,47,98,continuous,paper,1,URLLC,0.9359999999999999,1950.0,1170.0,214.4,478.0,40.0,60.0,10.0,36.89,36.63280753998584,36.885579941073765,26.481612518940395,-1,PF(default),"[-0.1989498883485794, -0.3666112422943115, -0.6169071197509766]",0.3859851638795468,0.1260799022037301,0.5534115108807109,0.38658848911928906,0.41658848911928914,0.08748776447079198,0.0,False,False,False,False,6a157b42-6614-43b4-b406-86ab4d10b60e
1,normal,47,98,continuous,paper,2,MTC,1.7408000000000003,3840.0,2176.0,237.6,929.0,43.330999999999996,56.669000000000004,13.0,26.479999999999997,36.63280753998584,36.885579941073765,26.481612518940395,-1,PF(default),"[-0.1989498883485794, -0.3666112422943115, -0.6169071197509766]",0.3859851638795468,0.1260799022037301,0.5534115108807109,0.38658848911928906,0.41658848911928914,0.08748776447079198,0.0,False,False,False,False,6a157b42-6614-43b4-b406-86ab4d10b60e
1,normal,47,99,continuous,paper,0,eMBB,11.0016,91680.0,13752.0,1467222.6,1692093.0,85.0,15.0,51.0,23.7,23.701519499337998,43.364655966506426,32.933824534155576,-1,PF(default),"[-0.7799553871154785, 0.42015540599823, 0.24440054595470428]",0.38593200677506767,0.11142230493845935,0.41598798459738595,0.524012015402614,0.554012015402614,0.12931288040647843,0.0,False,False,False,False,6a157b42-6614-43b4-b406-86ab4d10b60e
1,normal,47,99,continuous,paper,1,URLLC,1.0608,1950.0,1326.0,247.2,497.0,40.0,60.0,10.0,43.36,23.701519499337998,43.364655966506426,32.933824534155576,-1,PF(default),"[-0.7799553871154785, 0.42015540599823, 0.24440054595470428]",0.38593200677506767,0.11142230493845935,0.41598798459738595,0.524012015402614,0.554012015402614,0.12931288040647843,0.0,False,False,False,False,6a157b42-6614-43b4-b406-86ab4d10b60e
1,normal,47,99,continuous,paper,2,MTC,2.4576,2560.0,3072.0,263.0,929.0,20.0,80.0,4.0,32.93,23.701519499337998,43.364655966506426,32.933824534155576,-1,PF(default),"[-0.7799553871154785, 0.42015540599823, 0.24440054595470428]",0.38593200677506767,0.11142230493845935,0.41598798459738595,0.524012015402614,0.554012015402614,0.12931288040647843,0.0,False,False,False,False,6a157b42-6614-43b4-b406-86ab4d10b60e
1,normal,47,100,continuous,paper,0,eMBB,9.7792,91680.0,12224.0,1478900.0,1709698.0,86.666,13.334000000000003,52.0,27.089999999999996,27.08866983356575,43.57182796538905,29.339502201045214,-1,PF(default),"[-0.3504079580307007, 0.46556514501571655, 0.0783829465508461]",0.3859669571595468,0.09344563475689534,0.4599406189420848,0.4800593810579151,0.5100593810579153,0.03594322333110364,0.0,False,False,False,True,6a157b42-6614-43b4-b406-86ab4d10b60e
1,normal,47,100,continuous,paper,1,URLLC,0.7488,1950.0,936.0,165.2,478.0,52.0,48.0,13.0,43.57,27.08866983356575,43.57182796538905,29.339502201045214,-1,PF(default),"[-0.3504079580307007, 0.46556514501571655, 0.0783829465508461]",0.3859669571595468,0.09344563475689534,0.4599406189420848,0.4800593810579151,0.5100593810579153,0.03594322333110364,0.0,False,False,False,True,6a157b42-6614-43b4-b406-86ab4d10b60e
1,normal,47,100,continuous,paper,2,MTC,1.6384000000000003,3840.0,2048.0,274.6,1021.0,46.663999999999994,53.336000000000006,14.0,29.339999999999996,27.08866983356575,43.57182796538905,29.339502201045214,-1,PF(default),"[-0.3504079580307007, 0.46556514501571655, 0.0783829465508461]",0.3859669571595468,0.09344563475689534,0.4599406189420848,0.4800593810579151,0.5100593810579153,0.03594322333110364,0.0,False,False,False,True,6a157b42-6614-43b4-b406-86ab4d10b60e
