seed,scenario,episode,step,algo_mode,reward_mode,slice_id,slice,throughput_mbps,dTxBytes,dRxBytes,bufferBytes_mean,bufferBytes_max,plr_pct,pdr_pct,dLostPackets,resourceSharePct,action_embb,action_urllc,action_mtc,scheduler_id,scheduler_name,raw_action,reward,resource_efficiency,need_allocation_match,over_allocation,under_allocation,action_smoothness_penalty,resource_efficient_shaping,outage_flag,soft_flag,terminated,truncated,sim_id
1,normal,127,1,continuous,resource_efficient,0,eMBB,4.8896,91680.0,6112.0,1537.0,1537.0,93.334,6.665999999999997,56.0,31.9,31.895640792146086,40.970437964225006,27.1339212436289,-1,PF(default),"[-0.669527530670166, -0.34972304105758667, -0.7682463526725769]",0.42109591657599077,0.028983857189564022,0.6718735117750003,0.2681264882249997,0.29812648822499976,0.0906598872407855,0.022387884140873702,False,False,False,False,4c282cb5-57c0-41f0-84da-056568c48412
1,normal,127,1,continuous,resource_efficient,1,URLLC,0.0,1950.0,0.0,87.0,87.0,100.0,0.0,25.0,40.97,31.895640792146086,40.970437964225006,27.1339212436289,-1,PF(default),"[-0.669527530670166, -0.34972304105758667, -0.7682463526725769]",0.42109591657599077,0.028983857189564022,0.6718735117750003,0.2681264882249997,0.29812648822499976,0.0906598872407855,0.022387884140873702,False,False,False,False,4c282cb5-57c0-41f0-84da-056568c48412
1,normal,127,1,continuous,resource_efficient,2,MTC,0.0,2560.0,0.0,0.0,0.0,100.0,0.0,20.0,27.130000000000003,31.895640792146086,40.970437964225006,27.1339212436289,-1,PF(default),"[-0.669527530670166, -0.34972304105758667, -0.7682463526725769]",0.42109591657599077,0.028983857189564022,0.6718735117750003,0.2681264882249997,0.29812648822499976,0.0906598872407855,0.022387884140873702,False,False,False,False,4c282cb5-57c0-41f0-84da-056568c48412
1,normal,127,2,continuous,resource_efficient,0,eMBB,0.0,84040.0,0.0,1537.0,1537.0,100.0,0.0,55.0,29.670000000000005,29.674153306365405,33.28877785863551,37.03706883499909,-1,PF(default),"[0.2843492031097412, 0.3056159019470215, 0.8842583298683167]",0.4007592781399846,0.0,0.6519595962342543,0.2880404037657457,0.3180404037657457,0.09903147591370182,0.004224183944867493,False,False,False,False,4c282cb5-57c0-41f0-84da-056568c48412
1,normal,127,2,continuous,resource_efficient,1,URLLC,0.0,1950.0,0.0,87.0,87.0,100.0,0.0,25.0,33.29,29.674153306365405,33.28877785863551,37.03706883499909,-1,PF(default),"[0.2843492031097412, 0.3056159019470215, 0.8842583298683167]",0.4007592781399846,0.0,0.6519595962342543,0.2880404037657457,0.3180404037657457,0.09903147591370182,0.004224183944867493,False,False,False,False,4c282cb5-57c0-41f0-84da-056568c48412
1,normal,127,2,continuous,resource_efficient,2,MTC,0.0,3840.0,0.0,0.0,0.0,100.0,0.0,30.0,37.040000000000006,29.674153306365405,33.28877785863551,37.03706883499909,-1,PF(default),"[0.2843492031097412, 0.3056159019470215, 0.8842583298683167]",0.4007592781399846,0.0,0.6519595962342543,0.2880404037657457,0.3180404037657457,0.09903147591370182,0.004224183944867493,False,False,False,False,4c282cb5-57c0-41f0-84da-056568c48412
1,normal,127,3,continuous,resource_efficient,0,eMBB,0.0,91680.0,0.0,54077.6,54690.0,100.0,0.0,60.0,43.1,43.10348553191892,27.29751896462627,29.598995503454812,-1,PF(default),"[0.7989009022712708, -0.488385409116745, 0.31303396821022034]",0.40590784868518087,0.1263074584912486,0.6311557561571686,0.3088442438428315,0.3388442438428315,0.13429332225553517,0.015240279279774085,False,False,False,False,4c282cb5-57c0-41f0-84da-056568c48412
1,normal,127,3,continuous,resource_efficient,1,URLLC,3.2448,1950.0,4056.0,119.8,251.0,20.0,80.0,5.0,27.3,43.10348553191892,27.29751896462627,29.598995503454812,-1,PF(default),"[0.7989009022712708, -0.488385409116745, 0.31303396821022034]",0.40590784868518087,0.1263074584912486,0.6311557561571686,0.3088442438428315,0.3388442438428315,0.13429332225553517,0.015240279279774085,False,False,False,False,4c282cb5-57c0-41f0-84da-056568c48412
1,normal,127,3,continuous,resource_efficient,2,MTC,3.2768000000000006,2560.0,4096.0,477.3,506.0,20.0,80.0,4.0,29.6,43.10348553191892,27.29751896462627,29.598995503454812,-1,PF(default),"[0.7989009022712708, -0.488385409116745, 0.31303396821022034]",0.40590784868518087,0.1263074584912486,0.6311557561571686,0.3088442438428315,0.3388442438428315,0.13429332225553517,0.015240279279774085,False,False,False,False,4c282cb5-57c0-41f0-84da-056568c48412
1,normal,127,4,continuous,resource_efficient,0,eMBB,0.0,91680.0,0.0,54077.6,54690.0,100.0,0.0,60.0,46.82,46.81878021272469,29.345733332421386,23.83548645485393,-1,PF(default),"[0.9611745476722717, -0.21021583676338196, -0.0937141627073288]",0.47480501408557907,0.0345921156179145,0.7711389852014829,0.16886101479851703,0.198861014798517,0.057635090486008844,0.08472005972017226,False,False,False,False,4c282cb5-57c0-41f0-84da-056568c48412
1,normal,127,4,continuous,resource_efficient,1,URLLC,0.49920000000000003,1950.0,624.0,119.8,251.0,76.0,24.0,19.0,29.35,46.81878021272469,29.345733332421386,23.83548645485393,-1,PF(default),"[0.9611745476722717, -0.21021583676338196, -0.0937141627073288]",0.47480501408557907,0.0345921156179145,0.7711389852014829,0.16886101479851703,0.198861014798517,0.057635090486008844,0.08472005972017226,False,False,False,False,4c282cb5-57c0-41f0-84da-056568c48412
1,normal,127,4,continuous,resource_efficient,2,MTC,0.0,3840.0,0.0,477.3,506.0,100.0,0.0,30.0,23.84,46.81878021272469,29.345733332421386,23.83548645485393,-1,PF(default),"[0.9611745476722717, -0.21021583676338196, -0.0937141627073288]",0.47480501408557907,0.0345921156179145,0.7711389852014829,0.16886101479851703,0.198861014798517,0.057635090486008844,0.08472005972017226,False,False,False,False,4c282cb5-57c0-41f0-84da-056568c48412
1,normal,127,5,continuous,resource_efficient,0,eMBB,0.0,84040.0,0.0,96526.0,97548.0,100.0,0.0,55.0,40.64,40.64298343742776,35.78581663148659,23.57119993108566,-1,PF(default),"[0.6344434022903442, 0.21641920506954193, -0.21676219999790192]",-0.3333,0.05101774073576059,0.6563709109716174,0.2836290890283827,0.3136290890283826,0.06440083299065201,0.0,True,False,False,False,4c282cb5-57c0-41f0-84da-056568c48412
1,normal,127,5,continuous,resource_efficient,1,URLLC,0.4992,1950.0,624.0,707.4,1023.0,68.0,32.0,17.0,35.79,40.64298343742776,35.78581663148659,23.57119993108566,-1,PF(default),"[0.6344434022903442, 0.21641920506954193, -0.21676219999790192]",-0.3333,0.05101774073576059,0.6563709109716174,0.2836290890283827,0.3136290890283826,0.06440083299065201,0.0,False,False,False,False,4c282cb5-57c0-41f0-84da-056568c48412
1,normal,127,5,continuous,resource_efficient,2,MTC,0.6144000000000001,2560.0,768.0,1144.9,1259.0,70.0,30.0,14.0,23.569999999999997,40.64298343742776,35.78581663148659,23.57119993108566,-1,PF(default),"[0.6344434022903442, 0.21641920506954193, -0.21676219999790192]",-0.3333,0.05101774073576059,0.6563709109716174,0.2836290890283827,0.3136290890283826,0.06440083299065201,0.0,False,False,False,False,4c282cb5-57c0-41f0-84da-056568c48412
1,normal,127,6,continuous,resource_efficient,0,eMBB,3.6672,91680.0,4584.0,110603.0,113271.0,95.0,5.0,57.0,42.74,42.74492318657159,36.275247537674495,20.979829275753914,-1,PF(default),"[0.9259145259857178, 0.45439413189888, -0.3012217581272125]",-0.3333,0.16340712517920056,0.6425237223079439,0.29747627769205615,0.3274762776920561,0.025913706553317414,0.0,True,False,False,False,4c282cb5-57c0-41f0-84da-056568c48412
1,normal,127,6,continuous,resource_efficient,1,URLLC,1.872,1950.0,2340.0,123.6,188.0,40.0,60.0,10.0,36.28,42.74492318657159,36.275247537674495,20.979829275753914,-1,PF(default),"[0.9259145259857178, 0.45439413189888, -0.3012217581272125]",-0.3333,0.16340712517920056,0.6425237223079439,0.29747627769205615,0.3274762776920561,0.025913706553317414,0.0,False,False,False,False,4c282cb5-57c0-41f0-84da-056568c48412
1,normal,127,6,continuous,resource_efficient,2,MTC,8.601600000000001,3840.0,10752.0,488.3,1553.0,20.0,80.0,6.0,20.979999999999997,42.74492318657159,36.275247537674495,20.979829275753914,-1,PF(default),"[0.9259145259857178, 0.45439413189888, -0.3012217581272125]",-0.3333,0.16340712517920056,0.6425237223079439,0.29747627769205615,0.3274762776920561,0.025913706553317414,0.0,False,False,False,False,4c282cb5-57c0-41f0-84da-056568c48412
1,normal,127,7,continuous,resource_efficient,0,eMBB,4.8896,91680.0,6112.0,123818.8,127016.0,93.334,6.665999999999997,56.0,39.8,39.80352934614504,33.606100390527814,26.590370263327152,-1,PF(default),"[0.875938892364502, 0.34495797753334045, 0.31884250044822693]",-0.3333,0.14439380349525563,0.6119131019492041,0.3280868980507959,0.35808689805079585,0.05610540987573234,0.0,True,False,False,False,4c282cb5-57c0-41f0-84da-056568c48412
1,normal,127,7,continuous,resource_efficient,1,URLLC,1.1856,1950.0,1482.0,87.0,87.0,40.0,60.0,10.0,33.61,39.80352934614504,33.606100390527814,26.590370263327152,-1,PF(default),"[0.875938892364502, 0.34495797753334045, 0.31884250044822693]",-0.3333,0.14439380349525563,0.6119131019492041,0.3280868980507959,0.35808689805079585,0.05610540987573234,0.0,False,False,False,False,4c282cb5-57c0-41f0-84da-056568c48412
1,normal,127,7,continuous,resource_efficient,2,MTC,3.0719999999999996,2560.0,3840.0,266.0,1538.0,20.0,80.0,4.0,26.589999999999996,39.80352934614504,33.606100390527814,26.590370263327152,-1,PF(default),"[0.875938892364502, 0.34495797753334045, 0.31884250044822693]",-0.3333,0.14439380349525563,0.6119131019492041,0.3280868980507959,0.35808689805079585,0.05610540987573234,0.0,False,False,False,False,4c282cb5-57c0-41f0-84da-056568c48412
1,normal,127,8,continuous,resource_efficient,0,eMBB,3.6672,84040.0,4584.0,136090.0,144842.0,94.546,5.4539999999999935,52.0,36.21,36.206095252771,30.383798016081716,33.410106731147295,-1,PF(default),"[0.3927883505821228, -0.23948463797569275, 0.4197492301464081]",-0.3333,0.0944861026487607,0.6091652278714041,0.33083477212859574,0.36083477212859594,0.06819736467820142,0.0,True,False,False,False,4c282cb5-57c0-41f0-84da-056568c48412
1,normal,127,8,continuous,resource_efficient,1,URLLC,0.624,1950.0,780.0,103.4,169.0,60.0,40.0,15.0,30.380000000000003,36.206095252771,30.383798016081716,33.410106731147295,-1,PF(default),"[0.3927883505821228, -0.23948463797569275, 0.4197492301464081]",-0.3333,0.0944861026487607,0.6091652278714041,0.33083477212859574,0.36083477212859594,0.06819736467820142,0.0,False,False,False,False,4c282cb5-57c0-41f0-84da-056568c48412
1,normal,127,8,continuous,resource_efficient,2,MTC,1.6384000000000003,3840.0,2048.0,120.0,137.0,46.663999999999994,53.336000000000006,14.0,33.40999999999999,36.206095252771,30.383798016081716,33.410106731147295,-1,PF(default),"[0.3927883505821228, -0.23948463797569275, 0.4197492301464081]",-0.3333,0.0944861026487607,0.6091652278714041,0.33083477212859574,0.36083477212859594,0.06819736467820142,0.0,False,False,False,False,4c282cb5-57c0-41f0-84da-056568c48412
1,normal,127,9,continuous,resource_efficient,0,eMBB,17.113599999999998,91680.0,21392.0,155248.6,162998.0,76.666,23.334000000000003,46.0,50.31,50.314336855632,25.782058957053632,23.90360418731438,-1,PF(default),"[0.8474595546722412, -0.9137739539146423, -0.31064605712890625]",0.0,0.24657125947803882,0.7477270946724421,0.1922729053275578,0.22227290532755786,0.14108241602861,0.0,False,True,False,False,4c282cb5-57c0-41f0-84da-056568c48412
1,normal,127,9,continuous,resource_efficient,1,URLLC,0.624,1950.0,780.0,152.6,251.0,60.0,40.0,15.0,25.78,50.314336855632,25.782058957053632,23.90360418731438,-1,PF(default),"[0.8474595546722412, -0.9137739539146423, -0.31064605712890625]",0.0,0.24657125947803882,0.7477270946724421,0.1922729053275578,0.22227290532755786,0.14108241602861,0.0,False,False,False,False,4c282cb5-57c0-41f0-84da-056568c48412
1,normal,127,9,continuous,resource_efficient,2,MTC,2.3552,2560.0,2944.0,161.1,533.0,20.0,80.0,4.0,23.900000000000002,50.314336855632,25.782058957053632,23.90360418731438,-1,PF(default),"[0.8474595546722412, -0.9137739539146423, -0.31064605712890625]",0.0,0.24657125947803882,0.7477270946724421,0.1922729053275578,0.22227290532755786,0.14108241602861,0.0,False,False,False,False,4c282cb5-57c0-41f0-84da-056568c48412
1,normal,127,10,continuous,resource_efficient,0,eMBB,11.0016,91680.0,13752.0,168752.8,181442.0,85.0,15.0,51.0,41.86,41.85821014262125,26.703636610063874,31.438153247314872,-1,PF(default),"[0.8727331757545471, -0.4511911869049072, 0.5422447919845581]",0.4404095314804054,0.16693671701812546,0.6944906208426879,0.2455093791573122,0.2755093791573121,0.08456126713010739,0.06385365255273244,False,False,False,False,4c282cb5-57c0-41f0-84da-056568c48412
1,normal,127,10,continuous,resource_efficient,1,URLLC,0.624,1950.0,780.0,256.6,743.0,60.0,40.0,15.0,26.7,41.85821014262125,26.703636610063874,31.438153247314872,-1,PF(default),"[0.8727331757545471, -0.4511911869049072, 0.5422447919845581]",0.4404095314804054,0.16693671701812546,0.6944906208426879,0.2455093791573122,0.2755093791573121,0.08456126713010739,0.06385365255273244,False,False,False,False,4c282cb5-57c0-41f0-84da-056568c48412
1,normal,127,10,continuous,resource_efficient,2,MTC,1.7408000000000003,3840.0,2176.0,171.9,486.0,43.330999999999996,56.669000000000004,13.0,31.440000000000005,41.85821014262125,26.703636610063874,31.438153247314872,-1,PF(default),"[0.8727331757545471, -0.4511911869049072, 0.5422447919845581]",0.4404095314804054,0.16693671701812546,0.6944906208426879,0.2455093791573122,0.2755093791573121,0.08456126713010739,0.06385365255273244,False,False,False,False,4c282cb5-57c0-41f0-84da-056568c48412
1,normal,127,11,continuous,resource_efficient,0,eMBB,9.7792,84040.0,12224.0,176975.2,187605.0,85.456,14.543999999999997,47.0,46.98,46.9841458034101,25.755859133804552,27.259995062785343,-1,PF(default),"[0.8969088792800903, -0.7646521925926208, 0.11881492286920547]",0.4552013147832559,0.16700743045994984,0.7172805981233121,0.2227194018766878,0.25271940187668784,0.05125935660788847,0.07920687713558286,False,False,False,False,4c282cb5-57c0-41f0-84da-056568c48412
1,normal,127,11,continuous,resource_efficient,1,URLLC,0.4992,1950.0,624.0,256.6,743.0,68.0,32.0,17.0,25.76,46.9841458034101,25.755859133804552,27.259995062785343,-1,PF(default),"[0.8969088792800903, -0.7646521925926208, 0.11881492286920547]",0.4552013147832559,0.16700743045994984,0.7172805981233121,0.2227194018766878,0.25271940187668784,0.05125935660788847,0.07920687713558286,False,False,False,False,4c282cb5-57c0-41f0-84da-056568c48412
1,normal,127,11,continuous,resource_efficient,2,MTC,1.6384000000000003,2560.0,2048.0,190.6,795.0,20.0,80.0,4.0,27.259999999999998,46.9841458034101,25.755859133804552,27.259995062785343,-1,PF(default),"[0.8969088792800903, -0.7646521925926208, 0.11881492286920547]",0.4552013147832559,0.16700743045994984,0.7172805981233121,0.2227194018766878,0.25271940187668784,0.05125935660788847,0.07920687713558286,False,False,False,False,4c282cb5-57c0-41f0-84da-056568c48412
1,normal,127,12,continuous,resource_efficient,0,eMBB,7.3344,91680.0,9168.0,196961.2,211139.0,90.0,10.0,54.0,27.68,27.677481696835738,33.487752578144516,38.83476572501975,-1,PF(default),"[-0.030285272747278214, 0.1724674552679062, 0.8093546628952026]",0.29314828603608006,0.10487971688349337,0.5077514750447026,0.4322485249552973,0.46224852495529734,0.19306664106574364,-0.06602650364976693,False,False,False,False,4c282cb5-57c0-41f0-84da-056568c48412
1,normal,127,12,continuous,resource_efficient,1,URLLC,0.624,1950.0,780.0,420.4,1180.0,60.0,40.0,15.0,33.49,27.677481696835738,33.487752578144516,38.83476572501975,-1,PF(default),"[-0.030285272747278214, 0.1724674552679062, 0.8093546628952026]",0.29314828603608006,0.10487971688349337,0.5077514750447026,0.4322485249552973,0.46224852495529734,0.19306664106574364,-0.06602650364976693,False,False,False,False,4c282cb5-57c0-41f0-84da-056568c48412
1,normal,127,12,continuous,resource_efficient,2,MTC,2.4576,3840.0,3072.0,202.8,795.0,20.0,80.0,6.0,38.82999999999999,27.677481696835738,33.487752578144516,38.83476572501975,-1,PF(default),"[-0.030285272747278214, 0.1724674552679062, 0.8093546628952026]",0.29314828603608006,0.10487971688349337,0.5077514750447026,0.4322485249552973,0.46224852495529734,0.19306664106574364,-0.06602650364976693,False,False,False,False,4c282cb5-57c0-41f0-84da-056568c48412
1,normal,127,13,continuous,resource_efficient,0,eMBB,6.112,91680.0,7640.0,209573.0,229376.0,91.666,8.334000000000003,55.0,36.78,36.77684454286673,36.713281375855125,26.50987408127814,-1,PF(default),"[0.14565125107765198, -0.03945397585630417, -0.277346134185791]",0.36079821736923384,0.12268962192553359,0.5819785001352195,0.35802149986478055,0.38802149986478063,0.12324891643741606,-0.014437421355632425,False,False,False,False,4c282cb5-57c0-41f0-84da-056568c48412
1,normal,127,13,continuous,resource_efficient,1,URLLC,0.7488,1950.0,936.0,263.4,723.0,60.0,40.0,15.0,36.71,36.77684454286673,36.713281375855125,26.50987408127814,-1,PF(default),"[0.14565125107765198, -0.03945397585630417, -0.277346134185791]",0.36079821736923384,0.12268962192553359,0.5819785001352195,0.35802149986478055,0.38802149986478063,0.12324891643741606,-0.014437421355632425,False,False,False,False,4c282cb5-57c0-41f0-84da-056568c48412
1,normal,127,13,continuous,resource_efficient,2,MTC,2.3552,2560.0,2944.0,121.3,143.0,20.0,80.0,4.0,26.509999999999998,36.77684454286673,36.713281375855125,26.50987408127814,-1,PF(default),"[0.14565125107765198, -0.03945397585630417, -0.277346134185791]",0.36079821736923384,0.12268962192553359,0.5819785001352195,0.35802149986478055,0.38802149986478063,0.12324891643741606,-0.014437421355632425,False,False,False,False,4c282cb5-57c0-41f0-84da-056568c48412
1,normal,127,14,continuous,resource_efficient,0,eMBB,8.556799999999999,84040.0,10696.0,223238.4,247478.0,87.274,12.725999999999999,48.0,25.93,25.933026692154893,54.849518051550774,19.217455256294333,-1,PF(default),"[-0.43867626786231995, 0.8857925534248352, -0.8932725191116333]",-0.3333,0.10988467305499244,0.5110759864641904,0.42892401353580956,0.4589240135358096,0.1813623667569565,0.0,True,False,False,False,4c282cb5-57c0-41f0-84da-056568c48412
1,normal,127,14,continuous,resource_efficient,1,URLLC,0.624,1950.0,780.0,312.6,723.0,60.0,40.0,15.0,54.85,25.933026692154893,54.849518051550774,19.217455256294333,-1,PF(default),"[-0.43867626786231995, 0.8857925534248352, -0.8932725191116333]",-0.3333,0.10988467305499244,0.5110759864641904,0.42892401353580956,0.4589240135358096,0.1813623667569565,0.0,False,False,False,False,4c282cb5-57c0-41f0-84da-056568c48412
1,normal,127,14,continuous,resource_efficient,2,MTC,1.7408000000000003,3840.0,2176.0,126.1,143.0,43.330999999999996,56.669000000000004,13.0,19.22,25.933026692154893,54.849518051550774,19.217455256294333,-1,PF(default),"[-0.43867626786231995, 0.8857925534248352, -0.8932725191116333]",-0.3333,0.10988467305499244,0.5110759864641904,0.42892401353580956,0.4589240135358096,0.1813623667569565,0.0,False,False,False,False,4c282cb5-57c0-41f0-84da-056568c48412
1,normal,127,15,continuous,resource_efficient,0,eMBB,7.3344,91680.0,9168.0,234958.2,252480.0,90.0,10.0,54.0,41.61,41.605693085662004,33.375690187075435,25.018616727262565,-1,PF(default),"[0.32673588395118713, -0.2963259518146515, -0.43157726526260376]",-0.3333,0.1356071699753574,0.6323457344536516,0.30765426554634834,0.33765426554634836,0.21473827864475342,0.0,True,False,False,False,4c282cb5-57c0-41f0-84da-056568c48412
1,normal,127,15,continuous,resource_efficient,1,URLLC,0.624,1950.0,780.0,312.6,723.0,60.0,40.0,15.0,33.38,41.605693085662004,33.375690187075435,25.018616727262565,-1,PF(default),"[0.32673588395118713, -0.2963259518146515, -0.43157726526260376]",-0.3333,0.1356071699753574,0.6323457344536516,0.30765426554634834,0.33765426554634836,0.21473827864475342,0.0,False,False,False,False,4c282cb5-57c0-41f0-84da-056568c48412
1,normal,127,15,continuous,resource_efficient,2,MTC,2.4576,2560.0,3072.0,150.0,335.0,20.0,80.0,4.0,25.020000000000003,41.605693085662004,33.375690187075435,25.018616727262565,-1,PF(default),"[0.32673588395118713, -0.2963259518146515, -0.43157726526260376]",-0.3333,0.1356071699753574,0.6323457344536516,0.30765426554634834,0.33765426554634836,0.21473827864475342,0.0,False,False,False,False,4c282cb5-57c0-41f0-84da-056568c48412
1,normal,127,16,continuous,resource_efficient,0,eMBB,8.556799999999999,91680.0,10696.0,247201.2,275352.0,88.332,11.668000000000006,53.0,40.95,40.94792149614228,29.73740673023216,29.314671773625566,-1,PF(default),"[0.5650381445884705, -0.34876030683517456, 0.14658226072788239]",-0.3333,0.13284078076041916,0.6573483011932334,0.28265169880676655,0.3126516988067666,0.04296055046363001,0.0,True,False,False,False,4c282cb5-57c0-41f0-84da-056568c48412
1,normal,127,16,continuous,resource_efficient,1,URLLC,0.624,1950.0,780.0,345.4,743.0,60.0,40.0,15.0,29.74,40.94792149614228,29.73740673023216,29.314671773625566,-1,PF(default),"[0.5650381445884705, -0.34876030683517456, 0.14658226072788239]",-0.3333,0.13284078076041916,0.6573483011932334,0.28265169880676655,0.3126516988067666,0.04296055046363001,0.0,False,False,False,False,4c282cb5-57c0-41f0-84da-056568c48412
1,normal,127,16,continuous,resource_efficient,2,MTC,1.6384000000000003,3840.0,2048.0,204.8,615.0,46.663999999999994,53.336000000000006,14.0,29.309999999999995,40.94792149614228,29.73740673023216,29.314671773625566,-1,PF(default),"[0.5650381445884705, -0.34876030683517456, 0.14658226072788239]",-0.3333,0.13284078076041916,0.6573483011932334,0.28265169880676655,0.3126516988067666,0.04296055046363001,0.0,False,False,False,False,4c282cb5-57c0-41f0-84da-056568c48412
1,normal,127,17,continuous,resource_efficient,0,eMBB,7.3344,84040.0,9168.0,260733.8,300478.0,89.092,10.908000000000001,49.0,32.21,32.211628995128564,29.562994547135247,38.225376457736196,-1,PF(default),"[0.33461084961891174, -0.1513320654630661, 0.8052482604980469]",-0.3333,0.14861561750027172,0.520286038834681,0.419713961165319,0.4497139611653189,0.08910704684110629,0.0,True,False,False,False,4c282cb5-57c0-41f0-84da-056568c48412
1,normal,127,17,continuous,resource_efficient,1,URLLC,1.6848,1950.0,2106.0,579.8,1796.0,20.0,80.0,5.0,29.559999999999995,32.211628995128564,29.562994547135247,38.225376457736196,-1,PF(default),"[0.33461084961891174, -0.1513320654630661, 0.8052482604980469]",-0.3333,0.14861561750027172,0.520286038834681,0.419713961165319,0.4497139611653189,0.08910704684110629,0.0,False,False,False,False,4c282cb5-57c0-41f0-84da-056568c48412
1,normal,127,17,continuous,resource_efficient,2,MTC,2.3552,2560.0,2944.0,154.8,401.0,20.0,80.0,4.0,38.230000000000004,32.211628995128564,29.562994547135247,38.225376457736196,-1,PF(default),"[0.33461084961891174, -0.1513320654630661, 0.8052482604980469]",-0.3333,0.14861561750027172,0.520286038834681,0.419713961165319,0.4497139611653189,0.08910704684110629,0.0,False,False,False,False,4c282cb5-57c0-41f0-84da-056568c48412
1,normal,127,18,continuous,resource_efficient,0,eMBB,7.3344,91680.0,9168.0,285483.2,322901.0,90.0,10.0,54.0,37.12,37.11979107283455,39.60215449120207,23.27805443596338,-1,PF(default),"[0.4803987145423889, 0.43782106041908264, -0.24094416201114655]",-0.3333,0.10730455608204682,0.6060569660796415,0.3339430339203586,0.3639430339203584,0.14947322021772816,0.0,True,False,False,False,4c282cb5-57c0-41f0-84da-056568c48412
1,normal,127,18,continuous,resource_efficient,1,URLLC,0.4992,1950.0,624.0,416.8,981.0,68.0,32.0,17.0,39.6,37.11979107283455,39.60215449120207,23.27805443596338,-1,PF(default),"[0.4803987145423889, 0.43782106041908264, -0.24094416201114655]",-0.3333,0.10730455608204682,0.6060569660796415,0.3339430339203586,0.3639430339203584,0.14947322021772816,0.0,False,False,False,False,4c282cb5-57c0-41f0-84da-056568c48412
1,normal,127,18,continuous,resource_efficient,2,MTC,1.7408000000000003,3840.0,2176.0,150.2,269.0,43.330999999999996,56.669000000000004,13.0,23.28,37.11979107283455,39.60215449120207,23.27805443596338,-1,PF(default),"[0.4803987145423889, 0.43782106041908264, -0.24094416201114655]",-0.3333,0.10730455608204682,0.6060569660796415,0.3339430339203586,0.3639430339203584,0.14947322021772816,0.0,False,False,False,False,4c282cb5-57c0-41f0-84da-056568c48412
1,normal,127,19,continuous,resource_efficient,0,eMBB,53.7856,91680.0,67232.0,298274.2,333045.0,70.0,30.0,42.0,41.29,41.28725088821509,24.89268573406446,33.82006337772046,-1,PF(default),"[0.7509409189224243, -0.8649682402610779, 0.5669863820075989]",0.0,0.4401090594705203,0.6349899668412742,0.3050100331587258,0.3350100331587258,0.14709468757137614,0.0,False,True,False,False,4c282cb5-57c0-41f0-84da-056568c48412
1,normal,127,19,continuous,resource_efficient,1,URLLC,0.624,1950.0,780.0,416.8,981.0,60.0,40.0,15.0,24.89,41.28725088821509,24.89268573406446,33.82006337772046,-1,PF(default),"[0.7509409189224243, -0.8649682402610779, 0.5669863820075989]",0.0,0.4401090594705203,0.6349899668412742,0.3050100331587258,0.3350100331587258,0.14709468757137614,0.0,False,False,False,False,4c282cb5-57c0-41f0-84da-056568c48412
1,normal,127,19,continuous,resource_efficient,2,MTC,1.6384000000000003,2560.0,2048.0,142.3,269.0,20.0,80.0,4.0,33.82,41.28725088821509,24.89268573406446,33.82006337772046,-1,PF(default),"[0.7509409189224243, -0.8649682402610779, 0.5669863820075989]",0.0,0.4401090594705203,0.6349899668412742,0.3050100331587258,0.3350100331587258,0.14709468757137614,0.0,False,False,False,False,4c282cb5-57c0-41f0-84da-056568c48412
1,normal,127,20,continuous,resource_efficient,0,eMBB,9.7792,84040.0,12224.0,314340.8,357330.0,85.45599999999999,14.544000000000011,47.0,35.08,35.084846295125196,43.89895569575919,21.016198009115623,-1,PF(default),"[0.5895599722862244, 0.8499660491943359, -0.28509318828582764]",0.33548124274282376,0.14452425313918832,0.5803407224985813,0.3596592775014187,0.3896592775014187,0.19006269961694727,-0.014393850853860947,False,False,False,False,4c282cb5-57c0-41f0-84da-056568c48412
1,normal,127,20,continuous,resource_efficient,1,URLLC,0.7488,1950.0,936.0,560.0,1476.0,60.0,40.0,15.0,43.9,35.084846295125196,43.89895569575919,21.016198009115623,-1,PF(default),"[0.5895599722862244, 0.8499660491943359, -0.28509318828582764]",0.33548124274282376,0.14452425313918832,0.5803407224985813,0.3596592775014187,0.3896592775014187,0.19006269961694727,-0.014393850853860947,False,False,False,False,4c282cb5-57c0-41f0-84da-056568c48412
1,normal,127,20,continuous,resource_efficient,2,MTC,2.3552,3840.0,2944.0,166.8,435.0,23.333,76.667,7.0,21.020000000000003,35.084846295125196,43.89895569575919,21.016198009115623,-1,PF(default),"[0.5895599722862244, 0.8499660491943359, -0.28509318828582764]",0.33548124274282376,0.14452425313918832,0.5803407224985813,0.3596592775014187,0.3896592775014187,0.19006269961694727,-0.014393850853860947,False,False,False,False,4c282cb5-57c0-41f0-84da-056568c48412
1,normal,127,21,continuous,resource_efficient,0,eMBB,13.446399999999999,91680.0,16808.0,325395.0,364088.0,81.668,18.331999999999994,49.0,45.94,45.94253854354532,28.97881411469676,25.07864734175792,-1,PF(default),"[0.4829244315624237, -0.6990283727645874, -0.43058374524116516]",0.4111751562843683,0.19023447708818464,0.678192956121896,0.26180704387810405,0.2918070438781041,0.14920141581062424,0.05550259830024329,False,False,False,False,4c282cb5-57c0-41f0-84da-056568c48412
1,normal,127,21,continuous,resource_efficient,1,URLLC,0.624,1950.0,780.0,519.8,1357.0,60.0,40.0,15.0,28.98,45.94253854354532,28.97881411469676,25.07864734175792,-1,PF(default),"[0.4829244315624237, -0.6990283727645874, -0.43058374524116516]",0.4111751562843683,0.19023447708818464,0.678192956121896,0.26180704387810405,0.2918070438781041,0.14920141581062424,0.05550259830024329,False,False,False,False,4c282cb5-57c0-41f0-84da-056568c48412
1,normal,127,21,continuous,resource_efficient,2,MTC,2.56,2560.0,3200.0,161.1,435.0,20.0,80.0,4.0,25.079999999999995,45.94253854354532,28.97881411469676,25.07864734175792,-1,PF(default),"[0.4829244315624237, -0.6990283727645874, -0.43058374524116516]",0.4111751562843683,0.19023447708818464,0.678192956121896,0.26180704387810405,0.2918070438781041,0.14920141581062424,0.05550259830024329,False,False,False,False,4c282cb5-57c0-41f0-84da-056568c48412
1,normal,127,22,continuous,resource_efficient,0,eMBB,14.668800000000001,91680.0,18336.0,341661.6,381750.0,80.00200000000001,19.99799999999999,48.0,25.29,25.291922495189727,51.647771268066315,23.06030623674397,-1,PF(default),"[-0.6848456859588623, 0.6149342060089111, -0.5650021433830261]",0.2751241912469068,0.13129034863052783,0.4978330515612609,0.442166948438739,0.4721669484387391,0.2266895715336955,-0.06837657791382265,False,False,False,False,4c282cb5-57c0-41f0-84da-056568c48412
1,normal,127,22,continuous,resource_efficient,1,URLLC,0.624,1950.0,780.0,668.2,1723.0,60.0,40.0,15.0,51.65,25.291922495189727,51.647771268066315,23.06030623674397,-1,PF(default),"[-0.6848456859588623, 0.6149342060089111, -0.5650021433830261]",0.2751241912469068,0.13129034863052783,0.4978330515612609,0.442166948438739,0.4721669484387391,0.2266895715336955,-0.06837657791382265,False,False,False,False,4c282cb5-57c0-41f0-84da-056568c48412
1,normal,127,22,continuous,resource_efficient,2,MTC,1.6384000000000003,3840.0,2048.0,146.8,285.0,46.663999999999994,53.336000000000006,14.0,23.06,25.291922495189727,51.647771268066315,23.06030623674397,-1,PF(default),"[-0.6848456859588623, 0.6149342060089111, -0.5650021433830261]",0.2751241912469068,0.13129034863052783,0.4978330515612609,0.442166948438739,0.4721669484387391,0.2266895715336955,-0.06837657791382265,False,False,False,False,4c282cb5-57c0-41f0-84da-056568c48412
1,normal,127,23,continuous,resource_efficient,0,eMBB,11.0016,84040.0,13752.0,359029.8,404188.0,83.638,16.361999999999995,46.0,30.32,30.315985394280332,34.84028875678266,34.84372584893701,-1,PF(default),"[-0.09561287611722946, -0.012078889645636082, 0.35903412103652954]",0.29147961303547854,0.13766358729341144,0.5205565293195143,0.4194434706804856,0.4494434706804856,0.16807482511283653,-0.05053710620525089,False,False,False,False,4c282cb5-57c0-41f0-84da-056568c48412
1,normal,127,23,continuous,resource_efficient,1,URLLC,0.624,1950.0,780.0,724.2,1723.0,60.0,40.0,15.0,34.84,30.315985394280332,34.84028875678266,34.84372584893701,-1,PF(default),"[-0.09561287611722946, -0.012078889645636082, 0.35903412103652954]",0.29147961303547854,0.13766358729341144,0.5205565293195143,0.4194434706804856,0.4494434706804856,0.16807482511283653,-0.05053710620525089,False,False,False,False,4c282cb5-57c0-41f0-84da-056568c48412
1,normal,127,23,continuous,resource_efficient,2,MTC,2.4576,2560.0,3072.0,182.7,533.0,20.0,80.0,4.0,34.84000000000001,30.315985394280332,34.84028875678266,34.84372584893701,-1,PF(default),"[-0.09561287611722946, -0.012078889645636082, 0.35903412103652954]",0.29147961303547854,0.13766358729341144,0.5205565293195143,0.4194434706804856,0.4494434706804856,0.16807482511283653,-0.05053710620525089,False,False,False,False,4c282cb5-57c0-41f0-84da-056568c48412
1,normal,127,24,continuous,resource_efficient,0,eMBB,12.224,91680.0,15280.0,366533.6,404188.0,83.334,16.665999999999997,50.0,32.79,32.790137371668564,42.90602402980911,24.303838598522326,-1,PF(default),"[-0.028852321207523346, 0.322168231010437, -0.41417330503463745]",0.3238666915164561,0.13524782263786647,0.5694546176222679,0.37054538237773216,0.4005453823777322,0.10539887250414684,-0.018547608524273326,False,False,False,False,4c282cb5-57c0-41f0-84da-056568c48412
1,normal,127,24,continuous,resource_efficient,1,URLLC,0.624,1950.0,780.0,738.4,1723.0,60.0,40.0,15.0,42.91,32.790137371668564,42.90602402980911,24.303838598522326,-1,PF(default),"[-0.028852321207523346, 0.322168231010437, -0.41417330503463745]",0.3238666915164561,0.13524782263786647,0.5694546176222679,0.37054538237773216,0.4005453823777322,0.10539887250414684,-0.018547608524273326,False,False,False,False,4c282cb5-57c0-41f0-84da-056568c48412
1,normal,127,24,continuous,resource_efficient,2,MTC,1.6384000000000003,3840.0,2048.0,137.0,137.0,46.663999999999994,53.336000000000006,14.0,24.300000000000004,32.790137371668564,42.90602402980911,24.303838598522326,-1,PF(default),"[-0.028852321207523346, 0.322168231010437, -0.41417330503463745]",0.3238666915164561,0.13524782263786647,0.5694546176222679,0.37054538237773216,0.4005453823777322,0.10539887250414684,-0.018547608524273326,False,False,False,False,4c282cb5-57c0-41f0-84da-056568c48412
1,normal,127,25,continuous,resource_efficient,0,eMBB,7.3344,91680.0,9168.0,385295.0,436012.0,90.0,10.0,54.0,25.31,25.309019805135147,48.4305290822298,26.260451112635053,-1,PF(default),"[-0.2615833878517151, 0.9290124177932739, 0.14074720442295074]",0.2489359035116942,0.08221212550412411,0.4633818147223444,0.47661818527765554,0.5066181852776557,0.07481117566533418,-0.09126904484903525,False,False,False,False,4c282cb5-57c0-41f0-84da-056568c48412
1,normal,127,25,continuous,resource_efficient,1,URLLC,0.4992,1950.0,624.0,754.8,1723.0,68.0,32.0,17.0,48.43,25.309019805135147,48.4305290822298,26.260451112635053,-1,PF(default),"[-0.2615833878517151, 0.9290124177932739, 0.14074720442295074]",0.2489359035116942,0.08221212550412411,0.4633818147223444,0.47661818527765554,0.5066181852776557,0.07481117566533418,-0.09126904484903525,False,False,False,False,4c282cb5-57c0-41f0-84da-056568c48412
1,normal,127,25,continuous,resource_efficient,2,MTC,1.4336000000000002,2560.0,1792.0,132.0,137.0,30.0,70.0,6.0,26.259999999999998,25.309019805135147,48.4305290822298,26.260451112635053,-1,PF(default),"[-0.2615833878517151, 0.9290124177932739, 0.14074720442295074]",0.2489359035116942,0.08221212550412411,0.4633818147223444,0.47661818527765554,0.5066181852776557,0.07481117566533418,-0.09126904484903525,False,False,False,False,4c282cb5-57c0-41f0-84da-056568c48412
1,normal,127,26,continuous,resource_efficient,0,eMBB,18.336,84040.0,22920.0,402337.8,459668.0,72.72800000000001,27.27199999999999,40.0,38.27,38.2661956777055,34.63729272262702,27.09651159966749,-1,PF(default),"[-0.0684995949268341, -0.4576756954193115, -0.5193725824356079]",0.0,0.20646152197423906,0.6044079432294762,0.33559205677052384,0.36559205677052387,0.1379323635960278,0.0,False,True,False,False,4c282cb5-57c0-41f0-84da-056568c48412
1,normal,127,26,continuous,resource_efficient,1,URLLC,0.624,1950.0,780.0,975.6,2827.0,60.0,40.0,15.0,34.64,38.2661956777055,34.63729272262702,27.09651159966749,-1,PF(default),"[-0.0684995949268341, -0.4576756954193115, -0.5193725824356079]",0.0,0.20646152197423906,0.6044079432294762,0.33559205677052384,0.36559205677052387,0.1379323635960278,0.0,False,False,False,False,4c282cb5-57c0-41f0-84da-056568c48412
1,normal,127,26,continuous,resource_efficient,2,MTC,2.6624,3840.0,3328.0,137.0,137.0,20.0,80.0,6.0,27.1,38.2661956777055,34.63729272262702,27.09651159966749,-1,PF(default),"[-0.0684995949268341, -0.4576756954193115, -0.5193725824356079]",0.0,0.20646152197423906,0.6044079432294762,0.33559205677052384,0.36559205677052387,0.1379323635960278,0.0,False,False,False,False,4c282cb5-57c0-41f0-84da-056568c48412
1,normal,127,27,continuous,resource_efficient,0,eMBB,7.3344,91680.0,9168.0,415807.2,471469.0,90.0,10.0,54.0,25.32,25.32346369694925,37.31929151399519,37.357244789055564,-1,PF(default),"[-0.5398839712142944, 0.15339972078800201, 0.48055899143218994]",0.21866497699504903,0.12032143116938736,0.4435402901327081,0.4964597098672917,0.5264597098672918,0.12942731980756245,-0.09828290567687573,False,False,False,False,4c282cb5-57c0-41f0-84da-056568c48412
1,normal,127,27,continuous,resource_efficient,1,URLLC,4.7424,1950.0,5928.0,1042.8,2444.0,20.0,80.0,5.0,37.32,25.32346369694925,37.31929151399519,37.357244789055564,-1,PF(default),"[-0.5398839712142944, 0.15339972078800201, 0.48055899143218994]",0.21866497699504903,0.12032143116938736,0.4435402901327081,0.4964597098672917,0.5264597098672918,0.12942731980756245,-0.09828290567687573,False,False,False,False,4c282cb5-57c0-41f0-84da-056568c48412
1,normal,127,27,continuous,resource_efficient,2,MTC,2.3552,2560.0,2944.0,143.1,269.0,20.0,80.0,4.0,37.36000000000001,25.32346369694925,37.31929151399519,37.357244789055564,-1,PF(default),"[-0.5398839712142944, 0.15339972078800201, 0.48055899143218994]",0.21866497699504903,0.12032143116938736,0.4435402901327081,0.4964597098672917,0.5264597098672918,0.12942731980756245,-0.09828290567687573,False,False,False,False,4c282cb5-57c0-41f0-84da-056568c48412
1,normal,127,28,continuous,resource_efficient,0,eMBB,11.0016,91680.0,13752.0,424019.2,483431.0,84.99799999999999,15.00200000000001,51.0,29.589999999999996,29.58780441182165,30.533036085425046,39.8791595027533,-1,PF(default),"[-0.34653356671333313, -0.5510104894638062, 0.37328264117240906]",0.27388993544259804,0.11892629292678905,0.5283824308993343,0.4116175691006657,0.44161756910066563,0.0678625542857014,-0.04457841058932667,False,False,False,False,4c282cb5-57c0-41f0-84da-056568c48412
1,normal,127,28,continuous,resource_efficient,1,URLLC,0.624,1950.0,780.0,941.8,2444.0,60.0,40.0,15.0,30.53,29.58780441182165,30.533036085425046,39.8791595027533,-1,PF(default),"[-0.34653356671333313, -0.5510104894638062, 0.37328264117240906]",0.27388993544259804,0.11892629292678905,0.5283824308993343,0.4116175691006657,0.44161756910066563,0.0678625542857014,-0.04457841058932667,False,False,False,False,4c282cb5-57c0-41f0-84da-056568c48412
1,normal,127,28,continuous,resource_efficient,2,MTC,1.7408000000000003,3840.0,2176.0,141.6,269.0,43.330999999999996,56.669000000000004,13.0,39.88,29.58780441182165,30.533036085425046,39.8791595027533,-1,PF(default),"[-0.34653356671333313, -0.5510104894638062, 0.37328264117240906]",0.27388993544259804,0.11892629292678905,0.5283824308993343,0.4116175691006657,0.44161756910066563,0.0678625542857014,-0.04457841058932667,False,False,False,False,4c282cb5-57c0-41f0-84da-056568c48412
1,normal,127,29,continuous,resource_efficient,0,eMBB,11.0016,84040.0,13752.0,444561.4,508494.0,83.638,16.361999999999995,46.0,28.01,28.01427046615891,30.844779629539243,41.14094990430185,-1,PF(default),"[-0.21201369166374207, -0.2574833333492279, 0.6840828657150269]",0.24010995574529878,0.12859447471806254,0.49199721303494626,0.4480027869650537,0.4780027869650537,0.015735339456627417,-0.0618695442082511,False,False,False,False,4c282cb5-57c0-41f0-84da-056568c48412
1,normal,127,29,continuous,resource_efficient,1,URLLC,0.624,1950.0,780.0,1042.8,2989.0,60.0,40.0,15.0,30.839999999999996,28.01427046615891,30.844779629539243,41.14094990430185,-1,PF(default),"[-0.21201369166374207, -0.2574833333492279, 0.6840828657150269]",0.24010995574529878,0.12859447471806254,0.49199721303494626,0.4480027869650537,0.4780027869650537,0.015735339456627417,-0.0618695442082511,False,False,False,False,4c282cb5-57c0-41f0-84da-056568c48412
1,normal,127,29,continuous,resource_efficient,2,MTC,2.4576,2560.0,3072.0,129.1,137.0,20.0,80.0,4.0,41.13999999999999,28.01427046615891,30.844779629539243,41.14094990430185,-1,PF(default),"[-0.21201369166374207, -0.2574833333492279, 0.6840828657150269]",0.24010995574529878,0.12859447471806254,0.49199721303494626,0.4480027869650537,0.4780027869650537,0.015735339456627417,-0.0618695442082511,False,False,False,False,4c282cb5-57c0-41f0-84da-056568c48412
1,normal,127,30,continuous,resource_efficient,0,eMBB,9.7792,91680.0,12224.0,457480.8,516615.0,86.666,13.334000000000003,52.0,23.58,23.57803081406779,48.4010304315872,28.020938754345003,-1,PF(default),"[-0.8464647531509399, 0.5665525197982788, -0.09298241883516312]",0.21157337931596276,0.09674879839953428,0.4694994554957501,0.47050054450424994,0.5005005445042499,0.1755625080204796,-0.08972869242366704,False,False,False,False,4c282cb5-57c0-41f0-84da-056568c48412
1,normal,127,30,continuous,resource_efficient,1,URLLC,0.624,1950.0,780.0,1116.6,2988.0,60.0,40.0,15.0,48.4,23.57803081406779,48.4010304315872,28.020938754345003,-1,PF(default),"[-0.8464647531509399, 0.5665525197982788, -0.09298241883516312]",0.21157337931596276,0.09674879839953428,0.4694994554957501,0.47050054450424994,0.5005005445042499,0.1755625080204796,-0.08972869242366704,False,False,False,False,4c282cb5-57c0-41f0-84da-056568c48412
1,normal,127,30,continuous,resource_efficient,2,MTC,1.5360000000000003,3840.0,1920.0,185.2,665.0,49.998,50.002,15.0,28.020000000000003,23.57803081406779,48.4010304315872,28.020938754345003,-1,PF(default),"[-0.8464647531509399, 0.5665525197982788, -0.09298241883516312]",0.21157337931596276,0.09674879839953428,0.4694994554957501,0.47050054450424994,0.5005005445042499,0.1755625080204796,-0.08972869242366704,False,False,False,False,4c282cb5-57c0-41f0-84da-056568c48412
1,normal,127,31,continuous,resource_efficient,0,eMBB,13.4464,91680.0,16808.0,477035.2,544477.0,81.666,18.334000000000003,49.0,38.67,38.66832087474573,29.80921251798707,31.522466607267198,-1,PF(default),"[0.10994892567396164, -0.6979224681854248, -0.08051175624132156]",0.30651688466705396,0.16751862181182756,0.5997645968736217,0.34023540312637834,0.37023540312637826,0.1859181791360013,0.002066573529738472,False,False,False,False,4c282cb5-57c0-41f0-84da-056568c48412
1,normal,127,31,continuous,resource_efficient,1,URLLC,0.624,1950.0,780.0,1011.0,2940.0,60.0,40.0,15.0,29.809999999999995,38.66832087474573,29.80921251798707,31.522466607267198,-1,PF(default),"[0.10994892567396164, -0.6979224681854248, -0.08051175624132156]",0.30651688466705396,0.16751862181182756,0.5997645968736217,0.34023540312637834,0.37023540312637826,0.1859181791360013,0.002066573529738472,False,False,False,False,4c282cb5-57c0-41f0-84da-056568c48412
1,normal,127,31,continuous,resource_efficient,2,MTC,2.048,2560.0,2560.0,135.8,229.0,30.0,70.0,6.0,31.52,38.66832087474573,29.80921251798707,31.522466607267198,-1,PF(default),"[0.10994892567396164, -0.6979224681854248, -0.08051175624132156]",0.30651688466705396,0.16751862181182756,0.5997645968736217,0.34023540312637834,0.37023540312637826,0.1859181791360013,0.002066573529738472,False,False,False,False,4c282cb5-57c0-41f0-84da-056568c48412
1,normal,127,32,continuous,resource_efficient,0,eMBB,12.223999999999998,84040.0,15280.0,489155.8,557152.0,81.82000000000001,18.179999999999993,45.0,38.18,38.18022409963425,33.69041727394551,28.12935862642024,-1,PF(default),"[0.6768383979797363, 0.22477373480796814, 0.3023235499858856]",0.3188905835483862,0.1437387343556764,0.6171123267965244,0.3228876732034756,0.3528876732034756,0.03881204755958437,0.0150745405710707,False,False,False,False,4c282cb5-57c0-41f0-84da-056568c48412
1,normal,127,32,continuous,resource_efficient,1,URLLC,0.4992,1950.0,624.0,1011.0,2940.0,68.0,32.0,17.0,33.69,38.18022409963425,33.69041727394551,28.12935862642024,-1,PF(default),"[0.6768383979797363, 0.22477373480796814, 0.3023235499858856]",0.3188905835483862,0.1437387343556764,0.6171123267965244,0.3228876732034756,0.3528876732034756,0.03881204755958437,0.0150745405710707,False,False,False,False,4c282cb5-57c0-41f0-84da-056568c48412
1,normal,127,32,continuous,resource_efficient,2,MTC,1.5360000000000003,3840.0,1920.0,163.4,401.0,49.998,50.002,15.0,28.130000000000003,38.18022409963425,33.69041727394551,28.12935862642024,-1,PF(default),"[0.6768383979797363, 0.22477373480796814, 0.3023235499858856]",0.3188905835483862,0.1437387343556764,0.6171123267965244,0.3228876732034756,0.3528876732034756,0.03881204755958437,0.0150745405710707,False,False,False,False,4c282cb5-57c0-41f0-84da-056568c48412
1,normal,127,33,continuous,resource_efficient,0,eMBB,7.3344000000000005,91680.0,9168.0,503889.2,581323.0,90.0,10.0,54.0,32.99,32.98807985412323,41.15988296224273,25.85203718363403,-1,PF(default),"[0.2621534466743469, 0.521680474281311, -0.003335910616442561]",0.25486226429709263,0.10842861787034662,0.5285678696497608,0.4114321303502392,0.4414321303502393,0.0746946568829723,-0.04690828748022284,False,False,False,False,4c282cb5-57c0-41f0-84da-056568c48412
1,normal,127,33,continuous,resource_efficient,1,URLLC,0.624,1950.0,780.0,860.2,2940.0,60.0,40.0,15.0,41.16,32.98807985412323,41.15988296224273,25.85203718363403,-1,PF(default),"[0.2621534466743469, 0.521680474281311, -0.003335910616442561]",0.25486226429709263,0.10842861787034662,0.5285678696497608,0.4114321303502392,0.4414321303502393,0.0746946568829723,-0.04690828748022284,False,False,False,False,4c282cb5-57c0-41f0-84da-056568c48412
1,normal,127,33,continuous,resource_efficient,2,MTC,2.2528,2560.0,2816.0,145.2,269.0,20.0,80.0,4.0,25.85,32.98807985412323,41.15988296224273,25.85203718363403,-1,PF(default),"[0.2621534466743469, 0.521680474281311, -0.003335910616442561]",0.25486226429709263,0.10842861787034662,0.5285678696497608,0.4114321303502392,0.4414321303502393,0.0746946568829723,-0.04690828748022284,False,False,False,False,4c282cb5-57c0-41f0-84da-056568c48412
1,normal,127,34,continuous,resource_efficient,0,eMBB,12.224,91680.0,15280.0,519776.4,593195.0,83.334,16.665999999999997,50.0,32.86,32.8590028673654,29.47854714308776,37.66244998954685,-1,PF(default),"[0.22040557861328125, -0.31520435214042664, 0.6273699402809143]",0.2682220026002839,0.14025543346086078,0.5401603647562545,0.39983963524374544,0.42983963524374547,0.1181041280591281,-0.03575790085703156,False,False,False,False,4c282cb5-57c0-41f0-84da-056568c48412
1,normal,127,34,continuous,resource_efficient,1,URLLC,0.7488,1950.0,936.0,860.0,2940.0,60.0,40.0,15.0,29.48,32.8590028673654,29.47854714308776,37.66244998954685,-1,PF(default),"[0.22040557861328125, -0.31520435214042664, 0.6273699402809143]",0.2682220026002839,0.14025543346086078,0.5401603647562545,0.39983963524374544,0.42983963524374547,0.1181041280591281,-0.03575790085703156,False,False,False,False,4c282cb5-57c0-41f0-84da-056568c48412
1,normal,127,34,continuous,resource_efficient,2,MTC,2.4576,3840.0,3072.0,157.8,269.0,20.0,80.0,6.0,37.65999999999999,32.8590028673654,29.47854714308776,37.66244998954685,-1,PF(default),"[0.22040557861328125, -0.31520435214042664, 0.6273699402809143]",0.2682220026002839,0.14025543346086078,0.5401603647562545,0.39983963524374544,0.42983963524374547,0.1181041280591281,-0.03575790085703156,False,False,False,False,4c282cb5-57c0-41f0-84da-056568c48412
1,normal,127,35,continuous,resource_efficient,0,eMBB,11.0016,84040.0,13752.0,529108.4,601556.0,83.638,16.361999999999995,46.0,26.52,26.52031802662548,30.037873298182237,43.441808675192284,-1,PF(default),"[-0.7892442345619202, -0.7708901762962341, 0.32749590277671814]",0.2238896641886213,0.12242160096718582,0.47197983400959376,0.4680201659904062,0.4980201659904062,0.0633868484073992,-0.07749712182117655,False,False,False,False,4c282cb5-57c0-41f0-84da-056568c48412
1,normal,127,35,continuous,resource_efficient,1,URLLC,0.624,1950.0,780.0,857.4,3009.0,60.0,40.0,15.0,30.04,26.52031802662548,30.037873298182237,43.441808675192284,-1,PF(default),"[-0.7892442345619202, -0.7708901762962341, 0.32749590277671814]",0.2238896641886213,0.12242160096718582,0.47197983400959376,0.4680201659904062,0.4980201659904062,0.0633868484073992,-0.07749712182117655,False,False,False,False,4c282cb5-57c0-41f0-84da-056568c48412
1,normal,127,35,continuous,resource_efficient,2,MTC,2.4576,2560.0,3072.0,140.0,269.0,20.0,80.0,4.0,43.44,26.52031802662548,30.037873298182237,43.441808675192284,-1,PF(default),"[-0.7892442345619202, -0.7708901762962341, 0.32749590277671814]",0.2238896641886213,0.12242160096718582,0.47197983400959376,0.4680201659904062,0.4980201659904062,0.0633868484073992,-0.07749712182117655,False,False,False,False,4c282cb5-57c0-41f0-84da-056568c48412
1,normal,127,36,continuous,resource_efficient,0,eMBB,8.556799999999999,91680.0,10696.0,546696.2,629455.0,88.332,11.668000000000006,53.0,33.02,33.015682102622335,38.442097063911895,28.54222083346577,-1,PF(default),"[-0.2594882845878601, -0.13912196457386017, -0.33198752999305725]",0.2572718898465502,0.10217847058212877,0.5505701567313444,0.3894298432686557,0.4194298432686556,0.14899587841726514,-0.0386720057656309,False,False,False,False,4c282cb5-57c0-41f0-84da-056568c48412
1,normal,127,36,continuous,resource_efficient,1,URLLC,0.624,1950.0,780.0,938.2,3151.0,60.0,40.0,15.0,38.44,33.015682102622335,38.442097063911895,28.54222083346577,-1,PF(default),"[-0.2594882845878601, -0.13912196457386017, -0.33198752999305725]",0.2572718898465502,0.10217847058212877,0.5505701567313444,0.3894298432686557,0.4194298432686556,0.14899587841726514,-0.0386720057656309,False,False,False,False,4c282cb5-57c0-41f0-84da-056568c48412
1,normal,127,36,continuous,resource_efficient,2,MTC,1.4336000000000002,3840.0,1792.0,131.3,137.0,53.330999999999996,46.669000000000004,16.0,28.54,33.015682102622335,38.442097063911895,28.54222083346577,-1,PF(default),"[-0.2594882845878601, -0.13912196457386017, -0.33198752999305725]",0.2572718898465502,0.10217847058212877,0.5505701567313444,0.3894298432686557,0.4194298432686556,0.14899587841726514,-0.0386720057656309,False,False,False,False,4c282cb5-57c0-41f0-84da-056568c48412
1,normal,127,37,continuous,resource_efficient,0,eMBB,7.3344,91680.0,9168.0,561929.2,642859.0,90.0,10.0,54.0,31.139999999999997,31.138369166771156,28.862677172442215,39.99895366078663,-1,PF(default),"[-0.4090045094490051, -0.8994659781455994, 0.20199774205684662]",0.23533189437643118,0.13541632435531015,0.5007481463780807,0.4392518536219192,0.46925185362191923,0.11456732827320862,-0.06019621371574994,False,False,False,False,4c282cb5-57c0-41f0-84da-056568c48412
1,normal,127,37,continuous,resource_efficient,1,URLLC,5.8656,1950.0,7332.0,954.6,3151.0,20.0,80.0,5.0,28.860000000000003,31.138369166771156,28.862677172442215,39.99895366078663,-1,PF(default),"[-0.4090045094490051, -0.8994659781455994, 0.20199774205684662]",0.23533189437643118,0.13541632435531015,0.5007481463780807,0.4392518536219192,0.46925185362191923,0.11456732827320862,-0.06019621371574994,False,False,False,False,4c282cb5-57c0-41f0-84da-056568c48412
1,normal,127,37,continuous,resource_efficient,2,MTC,2.1504,2560.0,2688.0,141.6,269.0,30.0,70.0,6.0,40.0,31.138369166771156,28.862677172442215,39.99895366078663,-1,PF(default),"[-0.4090045094490051, -0.8994659781455994, 0.20199774205684662]",0.23533189437643118,0.13541632435531015,0.5007481463780807,0.4392518536219192,0.46925185362191923,0.11456732827320862,-0.06019621371574994,False,False,False,False,4c282cb5-57c0-41f0-84da-056568c48412
1,normal,127,38,continuous,resource_efficient,0,eMBB,6.112,84040.0,7640.0,577635.0,666863.0,90.91,9.090000000000003,50.0,28.1,28.09612607609957,44.8783470551399,27.025526868760537,-1,PF(default),"[-0.9257216453552246, -0.1480638086795807, -0.7453575134277344]",0.20270884639998615,0.08834784398529319,0.48789749673503124,0.4521025032649688,0.48210250326496873,0.16015669882697686,-0.07959976810327146,False,False,False,False,4c282cb5-57c0-41f0-84da-056568c48412
1,normal,127,38,continuous,resource_efficient,1,URLLC,0.624,1950.0,780.0,1027.0,3595.0,60.0,40.0,15.0,44.88,28.09612607609957,44.8783470551399,27.025526868760537,-1,PF(default),"[-0.9257216453552246, -0.1480638086795807, -0.7453575134277344]",0.20270884639998615,0.08834784398529319,0.48789749673503124,0.4521025032649688,0.48210250326496873,0.16015669882697686,-0.07959976810327146,False,False,False,False,4c282cb5-57c0-41f0-84da-056568c48412
1,normal,127,38,continuous,resource_efficient,2,MTC,2.1504000000000003,3840.0,2688.0,189.8,665.0,43.330999999999996,56.669000000000004,13.0,27.03,28.09612607609957,44.8783470551399,27.025526868760537,-1,PF(default),"[-0.9257216453552246, -0.1480638086795807, -0.7453575134277344]",0.20270884639998615,0.08834784398529319,0.48789749673503124,0.4521025032649688,0.48210250326496873,0.16015669882697686,-0.07959976810327146,False,False,False,False,4c282cb5-57c0-41f0-84da-056568c48412
1,normal,127,39,continuous,resource_efficient,0,eMBB,7.3344,91680.0,9168.0,590764.0,683803.0,90.0,10.0,54.0,32.04,32.03508191618126,35.579857448001675,32.38506063581706,-1,PF(default),"[-0.3022902011871338, -0.28873419761657715, -0.08764280378818512]",-0.3333,0.09268622975259688,0.5168414861013608,0.4231585138986391,0.45315851389863915,0.09298489607138224,0.0,True,False,False,False,4c282cb5-57c0-41f0-84da-056568c48412
1,normal,127,39,continuous,resource_efficient,1,URLLC,0.4992,1950.0,624.0,643.8,2297.0,68.0,32.0,17.0,35.58,32.03508191618126,35.579857448001675,32.38506063581706,-1,PF(default),"[-0.3022902011871338, -0.28873419761657715, -0.08764280378818512]",-0.3333,0.09268622975259688,0.5168414861013608,0.4231585138986391,0.45315851389863915,0.09298489607138224,0.0,False,False,False,False,4c282cb5-57c0-41f0-84da-056568c48412
1,normal,127,39,continuous,resource_efficient,2,MTC,1.6384000000000003,2560.0,2048.0,168.9,513.0,20.0,80.0,4.0,32.38999999999999,32.03508191618126,35.579857448001675,32.38506063581706,-1,PF(default),"[-0.3022902011871338, -0.28873419761657715, -0.08764280378818512]",-0.3333,0.09268622975259688,0.5168414861013608,0.4231585138986391,0.45315851389863915,0.09298489607138224,0.0,False,False,False,False,4c282cb5-57c0-41f0-84da-056568c48412
1,normal,127,40,continuous,resource_efficient,0,eMBB,4.8896,91680.0,6112.0,606339.2,697004.0,93.334,6.665999999999997,56.0,30.9,30.89677111761917,31.087885240554776,38.01534364182606,-1,PF(default),"[-0.30371516942977905, -0.5533389449119568, 0.24681508541107178]",-0.3333,0.08033511942938457,0.49940657389076193,0.44059342610923813,0.47059342610923804,0.0563028300600899,0.0,True,False,False,False,4c282cb5-57c0-41f0-84da-056568c48412
1,normal,127,40,continuous,resource_efficient,1,URLLC,0.624,1950.0,780.0,103.4,169.0,60.0,40.0,15.0,31.089999999999996,30.89677111761917,31.087885240554776,38.01534364182606,-1,PF(default),"[-0.30371516942977905, -0.5533389449119568, 0.24681508541107178]",-0.3333,0.08033511942938457,0.49940657389076193,0.44059342610923813,0.47059342610923804,0.0563028300600899,0.0,False,False,False,False,4c282cb5-57c0-41f0-84da-056568c48412
1,normal,127,40,continuous,resource_efficient,2,MTC,2.4576,3840.0,3072.0,172.6,493.0,20.0,80.0,6.0,38.019999999999996,30.89677111761917,31.087885240554776,38.01534364182606,-1,PF(default),"[-0.30371516942977905, -0.5533389449119568, 0.24681508541107178]",-0.3333,0.08033511942938457,0.49940657389076193,0.44059342610923813,0.47059342610923804,0.0563028300600899,0.0,False,False,False,False,4c282cb5-57c0-41f0-84da-056568c48412
1,normal,127,41,continuous,resource_efficient,0,eMBB,6.112,84040.0,7640.0,613677.6,697004.0,90.91,9.090000000000003,50.0,24.51,24.50951305070359,45.03655937227889,30.453927577017524,-1,PF(default),"[-0.652117133140564, 0.5084056854248047, 0.1282532811164856]",-0.3333,0.08869462093006979,0.4353500521017868,0.5046499478982132,0.5346499478982132,0.13948674131724115,0.0,True,False,False,False,4c282cb5-57c0-41f0-84da-056568c48412
1,normal,127,41,continuous,resource_efficient,1,URLLC,0.7488,1950.0,936.0,283.8,579.0,60.0,40.0,15.0,45.04,24.50951305070359,45.03655937227889,30.453927577017524,-1,PF(default),"[-0.652117133140564, 0.5084056854248047, 0.1282532811164856]",-0.3333,0.08869462093006979,0.4353500521017868,0.5046499478982132,0.5346499478982132,0.13948674131724115,0.0,False,False,False,False,4c282cb5-57c0-41f0-84da-056568c48412
1,normal,127,41,continuous,resource_efficient,2,MTC,2.3552,2560.0,2944.0,201.4,833.0,20.0,80.0,4.0,30.449999999999996,24.50951305070359,45.03655937227889,30.453927577017524,-1,PF(default),"[-0.652117133140564, 0.5084056854248047, 0.1282532811164856]",-0.3333,0.08869462093006979,0.4353500521017868,0.5046499478982132,0.5346499478982132,0.13948674131724115,0.0,False,False,False,False,4c282cb5-57c0-41f0-84da-056568c48412
1,normal,127,42,continuous,resource_efficient,0,eMBB,9.7792,91680.0,12224.0,634334.0,729771.0,86.666,13.334000000000003,52.0,45.07,45.07478219742006,29.424224695635488,25.50099310694445,-1,PF(default),"[0.329007089138031, -0.7744429707527161, -0.5190818309783936]",-0.3333,0.13334041405203365,0.6658403960561561,0.2741596039438439,0.3041596039438439,0.2056526914671648,0.0,True,False,False,False,4c282cb5-57c0-41f0-84da-056568c48412
1,normal,127,42,continuous,resource_efficient,1,URLLC,0.624,1950.0,780.0,169.0,497.0,60.0,40.0,15.0,29.420000000000005,45.07478219742006,29.424224695635488,25.50099310694445,-1,PF(default),"[0.329007089138031, -0.7744429707527161, -0.5190818309783936]",-0.3333,0.13334041405203365,0.6658403960561561,0.2741596039438439,0.3041596039438439,0.2056526914671648,0.0,False,False,False,False,4c282cb5-57c0-41f0-84da-056568c48412
1,normal,127,42,continuous,resource_efficient,2,MTC,1.5360000000000003,3840.0,1920.0,167.4,360.0,49.998,50.002,15.0,25.5,45.07478219742006,29.424224695635488,25.50099310694445,-1,PF(default),"[0.329007089138031, -0.7744429707527161, -0.5190818309783936]",-0.3333,0.13334041405203365,0.6658403960561561,0.2741596039438439,0.3041596039438439,0.2056526914671648,0.0,False,False,False,False,4c282cb5-57c0-41f0-84da-056568c48412
1,normal,127,43,continuous,resource_efficient,0,eMBB,13.4464,91680.0,16808.0,643048.6,735014.0,81.666,18.334000000000003,49.0,38.38,38.3789379306327,30.93612830444966,30.68493376491765,-1,PF(default),"[-0.10467688739299774, -0.7905594110488892, -0.32904255390167236]",0.38822330160512164,0.19793863275097842,0.5783660690887533,0.36163393091124674,0.39163393091124676,0.06695844266787368,0.0012594458700539613,False,False,False,False,4c282cb5-57c0-41f0-84da-056568c48412
1,normal,127,43,continuous,resource_efficient,1,URLLC,2.7456,1950.0,3432.0,218.2,497.0,40.0,60.0,10.0,30.940000000000005,38.3789379306327,30.93612830444966,30.68493376491765,-1,PF(default),"[-0.10467688739299774, -0.7905594110488892, -0.32904255390167236]",0.38822330160512164,0.19793863275097842,0.5783660690887533,0.36163393091124674,0.39163393091124676,0.06695844266787368,0.0012594458700539613,False,False,False,False,4c282cb5-57c0-41f0-84da-056568c48412
1,normal,127,43,continuous,resource_efficient,2,MTC,2.1504,2560.0,2688.0,196.1,533.0,30.0,70.0,6.0,30.68,38.3789379306327,30.93612830444966,30.68493376491765,-1,PF(default),"[-0.10467688739299774, -0.7905594110488892, -0.32904255390167236]",0.38822330160512164,0.19793863275097842,0.5783660690887533,0.36163393091124674,0.39163393091124676,0.06695844266787368,0.0012594458700539613,False,False,False,False,4c282cb5-57c0-41f0-84da-056568c48412
1,normal,127,44,continuous,resource_efficient,0,eMBB,9.7792,84040.0,12224.0,661077.2,758497.0,85.456,14.543999999999997,47.0,31.389999999999997,31.3926980506692,36.38132351610338,32.22597843322742,-1,PF(default),"[-0.8954169750213623, -0.7890050411224365, -0.6464624404907227]",0.339051662517433,0.1222220366009467,0.5248227835369296,0.41517721646307043,0.4451772164630704,0.06986239879963499,-0.04615504249763466,False,False,False,False,4c282cb5-57c0-41f0-84da-056568c48412
1,normal,127,44,continuous,resource_efficient,1,URLLC,0.9984,1950.0,1248.0,185.4,497.0,40.0,60.0,10.0,36.38,31.3926980506692,36.38132351610338,32.22597843322742,-1,PF(default),"[-0.8954169750213623, -0.7890050411224365, -0.6464624404907227]",0.339051662517433,0.1222220366009467,0.5248227835369296,0.41517721646307043,0.4451772164630704,0.06986239879963499,-0.04615504249763466,False,False,False,False,4c282cb5-57c0-41f0-84da-056568c48412
1,normal,127,44,continuous,resource_efficient,2,MTC,1.4336000000000002,3840.0,1792.0,170.2,533.0,53.330999999999996,46.669000000000004,16.0,32.230000000000004,31.3926980506692,36.38132351610338,32.22597843322742,-1,PF(default),"[-0.8954169750213623, -0.7890050411224365, -0.6464624404907227]",0.339051662517433,0.1222220366009467,0.5248227835369296,0.41517721646307043,0.4451772164630704,0.06986239879963499,-0.04615504249763466,False,False,False,False,4c282cb5-57c0-41f0-84da-056568c48412
1,normal,127,45,continuous,resource_efficient,0,eMBB,26.8928,91680.0,33616.0,677325.6,777869.0,66.666,33.334,40.0,38.52,38.52095322274999,39.929791342065876,21.549255435184133,-1,PF(default),"[0.3321024775505066, 0.23984479904174805, -0.646499752998352]",0.0,0.25493216988929185,0.5801059287890864,0.35989407121091355,0.3898940712109136,0.10676722998043284,0.0,False,True,False,False,4c282cb5-57c0-41f0-84da-056568c48412
1,normal,127,45,continuous,resource_efficient,1,URLLC,0.8735999999999999,1950.0,1092.0,185.4,497.0,44.0,56.0,11.0,39.93,38.52095322274999,39.929791342065876,21.549255435184133,-1,PF(default),"[0.3321024775505066, 0.23984479904174805, -0.646499752998352]",0.0,0.25493216988929185,0.5801059287890864,0.35989407121091355,0.3898940712109136,0.10676722998043284,0.0,False,False,False,False,4c282cb5-57c0-41f0-84da-056568c48412
1,normal,127,45,continuous,resource_efficient,2,MTC,2.048,2560.0,2560.0,172.4,533.0,30.0,70.0,6.0,21.550000000000004,38.52095322274999,39.929791342065876,21.549255435184133,-1,PF(default),"[0.3321024775505066, 0.23984479904174805, -0.646499752998352]",0.0,0.25493216988929185,0.5801059287890864,0.35989407121091355,0.3898940712109136,0.10676722998043284,0.0,False,False,False,False,4c282cb5-57c0-41f0-84da-056568c48412
1,normal,127,46,continuous,resource_efficient,0,eMBB,8.556799999999999,91680.0,10696.0,692548.6,789670.0,88.332,11.668000000000006,53.0,35.92,35.92146817045767,27.38035000700092,36.69818182254141,-1,PF(default),"[0.3512296974658966, -0.6077962517738342, 0.5445440411567688]",0.30265572409742547,0.10779245066455857,0.5681665276855514,0.37183347231444847,0.40183347231444855,0.15148926387357273,-0.027116056449436033,False,False,False,False,4c282cb5-57c0-41f0-84da-056568c48412
1,normal,127,46,continuous,resource_efficient,1,URLLC,0.6864,1950.0,858.0,546.2,2055.0,56.0,44.0,14.0,27.380000000000003,35.92146817045767,27.38035000700092,36.69818182254141,-1,PF(default),"[0.3512296974658966, -0.6077962517738342, 0.5445440411567688]",0.30265572409742547,0.10779245066455857,0.5681665276855514,0.37183347231444847,0.40183347231444855,0.15148926387357273,-0.027116056449436033,False,False,False,False,4c282cb5-57c0-41f0-84da-056568c48412
1,normal,127,46,continuous,resource_efficient,2,MTC,1.5360000000000003,3840.0,1920.0,242.6,797.0,49.998,50.002,15.0,36.699999999999996,35.92146817045767,27.38035000700092,36.69818182254141,-1,PF(default),"[0.3512296974658966, -0.6077962517738342, 0.5445440411567688]",0.30265572409742547,0.10779245066455857,0.5681665276855514,0.37183347231444847,0.40183347231444855,0.15148926387357273,-0.027116056449436033,False,False,False,False,4c282cb5-57c0-41f0-84da-056568c48412
1,normal,127,47,continuous,resource_efficient,0,eMBB,9.7792,84040.0,12224.0,707084.4,821003.0,85.456,14.543999999999997,47.0,23.52,23.52330309543237,52.50158891731945,23.975107987248183,-1,PF(default),"[-0.6098877191543579, 0.9459412097930908, -0.17071713507175446]",0.21246078311192923,0.12804827758057197,0.4209694454241477,0.5190305545758525,0.5490305545758523,0.2512123891031853,-0.11636929668455627,False,False,False,False,4c282cb5-57c0-41f0-84da-056568c48412
1,normal,127,47,continuous,resource_efficient,1,URLLC,4.6175999999999995,1950.0,5772.0,556.8,2108.0,20.0,80.0,5.0,52.5,23.52330309543237,52.50158891731945,23.975107987248183,-1,PF(default),"[-0.6098877191543579, 0.9459412097930908, -0.17071713507175446]",0.21246078311192923,0.12804827758057197,0.4209694454241477,0.5190305545758525,0.5490305545758523,0.2512123891031853,-0.11636929668455627,False,False,False,False,4c282cb5-57c0-41f0-84da-056568c48412
1,normal,127,47,continuous,resource_efficient,2,MTC,2.8672000000000004,2560.0,3584.0,172.4,533.0,20.0,80.0,4.0,23.979999999999997,23.52330309543237,52.50158891731945,23.975107987248183,-1,PF(default),"[-0.6098877191543579, 0.9459412097930908, -0.17071713507175446]",0.21246078311192923,0.12804827758057197,0.4209694454241477,0.5190305545758525,0.5490305545758523,0.2512123891031853,-0.11636929668455627,False,False,False,False,4c282cb5-57c0-41f0-84da-056568c48412
1,normal,127,48,continuous,resource_efficient,0,eMBB,7.3344,91680.0,9168.0,719579.4,821003.0,90.0,10.0,54.0,33.5,33.49562592904816,34.530295637660835,31.97407843329101,-1,PF(default),"[0.14915713667869568, 0.002192761981859803, 0.2512173056602478]",0.27657811785521585,0.12465865142886959,0.524935417354643,0.41506458264535706,0.445064582645357,0.17971293279658618,-0.05109266594126959,False,False,False,False,4c282cb5-57c0-41f0-84da-056568c48412
1,normal,127,48,continuous,resource_efficient,1,URLLC,1.3104,1950.0,1638.0,480.8,2108.0,40.0,60.0,10.0,34.53,33.49562592904816,34.530295637660835,31.97407843329101,-1,PF(default),"[0.14915713667869568, 0.002192761981859803, 0.2512173056602478]",0.27657811785521585,0.12465865142886959,0.524935417354643,0.41506458264535706,0.445064582645357,0.17971293279658618,-0.05109266594126959,False,False,False,False,4c282cb5-57c0-41f0-84da-056568c48412
1,normal,127,48,continuous,resource_efficient,2,MTC,2.4576,3840.0,3072.0,247.9,1098.0,20.0,80.0,6.0,31.970000000000006,33.49562592904816,34.530295637660835,31.97407843329101,-1,PF(default),"[0.14915713667869568, 0.002192761981859803, 0.2512173056602478]",0.27657811785521585,0.12465865142886959,0.524935417354643,0.41506458264535706,0.445064582645357,0.17971293279658618,-0.05109266594126959,False,False,False,False,4c282cb5-57c0-41f0-84da-056568c48412
1,normal,127,49,continuous,resource_efficient,0,eMBB,9.7792,91680.0,12224.0,730344.4,831248.0,86.666,13.334000000000003,52.0,44.01,44.007130964659616,31.991674462047598,24.001194573292793,-1,PF(default),"[0.61286461353302, -0.21135154366493225, -0.32848480343818665]",-0.3333,0.18228393375826737,0.6303910649415225,0.3096089350584775,0.33960893505847745,0.10511505035611456,0.0,True,False,False,False,4c282cb5-57c0-41f0-84da-056568c48412
1,normal,127,49,continuous,resource_efficient,1,URLLC,1.4352,1950.0,1794.0,573.2,2108.0,36.0,64.0,9.0,31.99,44.007130964659616,31.991674462047598,24.001194573292793,-1,PF(default),"[0.61286461353302, -0.21135154366493225, -0.32848480343818665]",-0.3333,0.18228393375826737,0.6303910649415225,0.3096089350584775,0.33960893505847745,0.10511505035611456,0.0,False,False,False,False,4c282cb5-57c0-41f0-84da-056568c48412
1,normal,127,49,continuous,resource_efficient,2,MTC,2.4576,2560.0,3072.0,251.6,1342.0,20.0,80.0,4.0,24.0,44.007130964659616,31.991674462047598,24.001194573292793,-1,PF(default),"[0.61286461353302, -0.21135154366493225, -0.32848480343818665]",-0.3333,0.18228393375826737,0.6303910649415225,0.3096089350584775,0.33960893505847745,0.10511505035611456,0.0,False,False,False,False,4c282cb5-57c0-41f0-84da-056568c48412
1,normal,127,50,continuous,resource_efficient,0,eMBB,6.112,84040.0,7640.0,738386.4,831248.0,90.91,9.090000000000003,50.0,38.77,38.76962439023682,37.17558267128489,24.054792938478286,-1,PF(default),"[0.09828676283359528, -0.1540113091468811, -0.6254082322120667]",-0.3333,0.10863368734050392,0.5851010014911988,0.35489899850880113,0.38489899850880116,0.052375065744227914,0.0,True,False,False,False,4c282cb5-57c0-41f0-84da-056568c48412
1,normal,127,50,continuous,resource_efficient,1,URLLC,0.9359999999999999,1950.0,1170.0,554.0,2340.0,40.0,60.0,10.0,37.18,38.76962439023682,37.17558267128489,24.054792938478286,-1,PF(default),"[0.09828676283359528, -0.1540113091468811, -0.6254082322120667]",-0.3333,0.10863368734050392,0.5851010014911988,0.35489899850880113,0.38489899850880116,0.052375065744227914,0.0,False,False,False,False,4c282cb5-57c0-41f0-84da-056568c48412
1,normal,127,50,continuous,resource_efficient,2,MTC,1.6384000000000003,3840.0,2048.0,252.5,1342.0,46.663999999999994,53.336000000000006,14.0,24.050000000000004,38.76962439023682,37.17558267128489,24.054792938478286,-1,PF(default),"[0.09828676283359528, -0.1540113091468811, -0.6254082322120667]",-0.3333,0.10863368734050392,0.5851010014911988,0.35489899850880113,0.38489899850880116,0.052375065744227914,0.0,False,False,False,False,4c282cb5-57c0-41f0-84da-056568c48412
1,normal,127,51,continuous,resource_efficient,0,eMBB,8.556799999999999,91680.0,10696.0,765925.8,883119.0,88.332,11.668000000000006,53.0,35.32,35.32143138066656,33.86936280484985,30.809205814483605,-1,PF(default),"[0.7406359910964966, 0.4441273510456085, 0.6751708984375]",-0.3333,0.12819665211622744,0.5407332321415962,0.39926676785840376,0.4292667678584038,0.06754412876005311,0.0,True,False,False,False,4c282cb5-57c0-41f0-84da-056568c48412
1,normal,127,51,continuous,resource_efficient,1,URLLC,0.9359999999999999,1950.0,1170.0,636.0,2340.0,40.0,60.0,10.0,33.87,35.32143138066656,33.86936280484985,30.809205814483605,-1,PF(default),"[0.7406359910964966, 0.4441273510456085, 0.6751708984375]",-0.3333,0.12819665211622744,0.5407332321415962,0.39926676785840376,0.4292667678584038,0.06754412876005311,0.0,False,False,False,False,4c282cb5-57c0-41f0-84da-056568c48412
1,normal,127,51,continuous,resource_efficient,2,MTC,2.4576,2560.0,3072.0,255.0,777.0,20.0,80.0,4.0,30.809999999999995,35.32143138066656,33.86936280484985,30.809205814483605,-1,PF(default),"[0.7406359910964966, 0.4441273510456085, 0.6751708984375]",-0.3333,0.12819665211622744,0.5407332321415962,0.39926676785840376,0.4292667678584038,0.06754412876005311,0.0,False,False,False,False,4c282cb5-57c0-41f0-84da-056568c48412
1,normal,127,52,continuous,resource_efficient,0,eMBB,7.3344,91680.0,9168.0,774650.8,883119.0,90.0,10.0,54.0,23.74,23.737087603064527,46.64423411453295,29.61867828240252,-1,PF(default),"[-0.35290470719337463, 0.9735123515129089, 0.481102854013443]",-0.3333,0.08399913548546188,0.4350229719568046,0.5049770280431953,0.5349770280431954,0.12774871309683106,0.0,True,False,False,False,4c282cb5-57c0-41f0-84da-056568c48412
1,normal,127,52,continuous,resource_efficient,1,URLLC,0.9359999999999999,1950.0,1170.0,586.8,2340.0,40.0,60.0,10.0,46.64,23.737087603064527,46.64423411453295,29.61867828240252,-1,PF(default),"[-0.35290470719337463, 0.9735123515129089, 0.481102854013443]",-0.3333,0.08399913548546188,0.4350229719568046,0.5049770280431953,0.5349770280431954,0.12774871309683106,0.0,False,False,False,False,4c282cb5-57c0-41f0-84da-056568c48412
1,normal,127,52,continuous,resource_efficient,2,MTC,1.6384000000000003,3840.0,2048.0,176.6,533.0,46.663999999999994,53.336000000000006,14.0,29.619999999999997,23.737087603064527,46.64423411453295,29.61867828240252,-1,PF(default),"[-0.35290470719337463, 0.9735123515129089, 0.481102854013443]",-0.3333,0.08399913548546188,0.4350229719568046,0.5049770280431953,0.5349770280431954,0.12774871309683106,0.0,False,False,False,False,4c282cb5-57c0-41f0-84da-056568c48412
1,normal,127,53,continuous,resource_efficient,0,eMBB,7.3344,84040.0,9168.0,796796.6,925453.0,89.092,10.908000000000001,49.0,41.7,41.699653538871864,35.96490957237867,22.33543688874947,-1,PF(default),"[0.8995277285575867, 0.44965988397598267, -0.12346015870571136]",-0.3333,0.12451668762745402,0.6035457740113872,0.3364542259886129,0.36645422598861277,0.17962565935807331,0.0,True,False,False,False,4c282cb5-57c0-41f0-84da-056568c48412
1,normal,127,53,continuous,resource_efficient,1,URLLC,0.8111999999999999,1950.0,1014.0,586.8,2340.0,48.0,52.0,12.0,35.96,41.699653538871864,35.96490957237867,22.33543688874947,-1,PF(default),"[0.8995277285575867, 0.44965988397598267, -0.12346015870571136]",-0.3333,0.12451668762745402,0.6035457740113872,0.3364542259886129,0.36645422598861277,0.17962565935807331,0.0,False,False,False,False,4c282cb5-57c0-41f0-84da-056568c48412
1,normal,127,53,continuous,resource_efficient,2,MTC,1.6384000000000003,2560.0,2048.0,158.3,401.0,20.0,80.0,4.0,22.34,41.699653538871864,35.96490957237867,22.33543688874947,-1,PF(default),"[0.8995277285575867, 0.44965988397598267, -0.12346015870571136]",-0.3333,0.12451668762745402,0.6035457740113872,0.3364542259886129,0.36645422598861277,0.17962565935807331,0.0,False,False,False,False,4c282cb5-57c0-41f0-84da-056568c48412
1,normal,127,54,continuous,resource_efficient,0,eMBB,8.556799999999999,91680.0,10696.0,809999.4,937135.0,88.332,11.668000000000006,53.0,34.68,34.6833633418294,36.80509614084526,28.51154051732535,-1,PF(default),"[0.9389708042144775, 0.8692615628242493, 0.7673302292823792]",-0.3333,0.1180249456500975,0.5373209370653417,0.4026790629346584,0.4326790629346583,0.07016290197042463,0.0,True,False,False,False,4c282cb5-57c0-41f0-84da-056568c48412
1,normal,127,54,continuous,resource_efficient,1,URLLC,0.8735999999999999,1950.0,1092.0,783.6,2340.0,44.0,56.0,11.0,36.81,34.6833633418294,36.80509614084526,28.51154051732535,-1,PF(default),"[0.9389708042144775, 0.8692615628242493, 0.7673302292823792]",-0.3333,0.1180249456500975,0.5373209370653417,0.4026790629346584,0.4326790629346583,0.07016290197042463,0.0,False,False,False,False,4c282cb5-57c0-41f0-84da-056568c48412
1,normal,127,54,continuous,resource_efficient,2,MTC,2.4576,3840.0,3072.0,179.6,563.0,20.0,80.0,6.0,28.509999999999998,34.6833633418294,36.80509614084526,28.51154051732535,-1,PF(default),"[0.9389708042144775, 0.8692615628242493, 0.7673302292823792]",-0.3333,0.1180249456500975,0.5373209370653417,0.4026790629346584,0.4326790629346583,0.07016290197042463,0.0,False,False,False,False,4c282cb5-57c0-41f0-84da-056568c48412
1,normal,127,55,continuous,resource_efficient,0,eMBB,40.3392,91680.0,50424.0,821098.2,948990.0,68.334,31.665999999999997,41.0,31.2,31.202375300934925,37.22862759682322,31.56899710224186,-1,PF(default),"[0.45187777280807495, 0.6217272281646729, 0.678442656993866]",0.0,0.2928130978831313,0.5046755975435708,0.4353244024564292,0.46532440245642914,0.03480988040894473,0.0,False,True,False,False,4c282cb5-57c0-41f0-84da-056568c48412
1,normal,127,55,continuous,resource_efficient,1,URLLC,0.8112,1950.0,1014.0,714.0,1992.0,56.0,44.0,14.0,37.23,31.202375300934925,37.22862759682322,31.56899710224186,-1,PF(default),"[0.45187777280807495, 0.6217272281646729, 0.678442656993866]",0.0,0.2928130978831313,0.5046755975435708,0.4353244024564292,0.46532440245642914,0.03480988040894473,0.0,False,False,False,False,4c282cb5-57c0-41f0-84da-056568c48412
1,normal,127,55,continuous,resource_efficient,2,MTC,2.3552,2560.0,2944.0,175.0,563.0,20.0,80.0,4.0,31.57,31.202375300934925,37.22862759682322,31.56899710224186,-1,PF(default),"[0.45187777280807495, 0.6217272281646729, 0.678442656993866]",0.0,0.2928130978831313,0.5046755975435708,0.4353244024564292,0.46532440245642914,0.03480988040894473,0.0,False,False,False,False,4c282cb5-57c0-41f0-84da-056568c48412
1,normal,127,56,continuous,resource_efficient,0,eMBB,15.891200000000001,84040.0,19864.0,839645.0,972274.0,76.364,23.635999999999996,42.0,33.09,33.08770709089312,45.40586102318838,21.506431885918502,-1,PF(default),"[0.5106979608535767, 0.9470129013061523, -0.18732284009456635]",0.0,0.16292719737376282,0.5316779711983859,0.40832202880161406,0.4383220288016141,0.10062565216323352,0.0,False,True,False,False,4c282cb5-57c0-41f0-84da-056568c48412
1,normal,127,56,continuous,resource_efficient,1,URLLC,0.9359999999999999,1950.0,1170.0,365.8,1317.0,40.0,60.0,10.0,45.41,33.08770709089312,45.40586102318838,21.506431885918502,-1,PF(default),"[0.5106979608535767, 0.9470129013061523, -0.18732284009456635]",0.0,0.16292719737376282,0.5316779711983859,0.40832202880161406,0.4383220288016141,0.10062565216323352,0.0,False,False,False,False,4c282cb5-57c0-41f0-84da-056568c48412
1,normal,127,56,continuous,resource_efficient,2,MTC,1.7408000000000003,3840.0,2176.0,174.5,563.0,43.330999999999996,56.669000000000004,13.0,21.509999999999998,33.08770709089312,45.40586102318838,21.506431885918502,-1,PF(default),"[0.5106979608535767, 0.9470129013061523, -0.18732284009456635]",0.0,0.16292719737376282,0.5316779711983859,0.40832202880161406,0.4383220288016141,0.10062565216323352,0.0,False,False,False,False,4c282cb5-57c0-41f0-84da-056568c48412
1,normal,127,57,continuous,resource_efficient,0,eMBB,7.3344,91680.0,9168.0,848136.4,978036.0,90.0,10.0,54.0,42.84,42.83641369653826,29.82875536507075,27.33483093839099,-1,PF(default),"[0.382481187582016, -0.5968742370605469, -0.2431412935256958]",0.3579236199219753,0.13713757866559792,0.6104952999390091,0.329504700060991,0.3595047000609909,0.15577105658117624,0.0039361428674662136,False,False,False,False,4c282cb5-57c0-41f0-84da-056568c48412
1,normal,127,57,continuous,resource_efficient,1,URLLC,0.9984,1950.0,1248.0,351.4,1327.0,36.0,64.0,9.0,29.829999999999995,42.83641369653826,29.82875536507075,27.33483093839099,-1,PF(default),"[0.382481187582016, -0.5968742370605469, -0.2431412935256958]",0.3579236199219753,0.13713757866559792,0.6104952999390091,0.329504700060991,0.3595047000609909,0.15577105658117624,0.0039361428674662136,False,False,False,False,4c282cb5-57c0-41f0-84da-056568c48412
1,normal,127,57,continuous,resource_efficient,2,MTC,2.4576,2560.0,3072.0,173.9,563.0,20.0,80.0,4.0,27.32999999999999,42.83641369653826,29.82875536507075,27.33483093839099,-1,PF(default),"[0.382481187582016, -0.5968742370605469, -0.2431412935256958]",0.3579236199219753,0.13713757866559792,0.6104952999390091,0.329504700060991,0.3595047000609909,0.15577105658117624,0.0039361428674662136,False,False,False,False,4c282cb5-57c0-41f0-84da-056568c48412
1,normal,127,58,continuous,resource_efficient,0,eMBB,13.4464,91680.0,16808.0,868052.8,1007333.0,81.668,18.331999999999994,49.0,24.67,24.666843263392067,51.34773091719159,23.98542581941635,-1,PF(default),"[-0.41784271597862244, 0.9476272463798523, -0.13191476464271545]",0.2948417646766869,0.1247702459984426,0.44382560201275334,0.4961743979872467,0.5261743979872465,0.21518975552120834,-0.10151007736871989,False,False,False,False,4c282cb5-57c0-41f0-84da-056568c48412
1,normal,127,58,continuous,resource_efficient,1,URLLC,1.248,1950.0,1560.0,119.8,251.0,28.0,72.0,7.0,51.35,24.666843263392067,51.34773091719159,23.98542581941635,-1,PF(default),"[-0.41784271597862244, 0.9476272463798523, -0.13191476464271545]",0.2948417646766869,0.1247702459984426,0.44382560201275334,0.4961743979872467,0.5261743979872465,0.21518975552120834,-0.10151007736871989,False,False,False,False,4c282cb5-57c0-41f0-84da-056568c48412
1,normal,127,58,continuous,resource_efficient,2,MTC,1.6384000000000003,3840.0,2048.0,251.8,1055.0,46.663999999999994,53.336000000000006,14.0,23.990000000000002,24.666843263392067,51.34773091719159,23.98542581941635,-1,PF(default),"[-0.41784271597862244, 0.9476272463798523, -0.13191476464271545]",0.2948417646766869,0.1247702459984426,0.44382560201275334,0.4961743979872467,0.5261743979872465,0.21518975552120834,-0.10151007736871989,False,False,False,False,4c282cb5-57c0-41f0-84da-056568c48412
1,normal,127,59,continuous,resource_efficient,0,eMBB,9.7792,84040.0,12224.0,881433.6,1018911.0,85.456,14.543999999999997,47.0,41.3,41.30119339380308,29.576329110452537,29.12247749574438,-1,PF(default),"[0.995567798614502, 0.05064549669623375, 0.5505682229995728]",0.39000360642926984,0.167158045351291,0.5963228843332773,0.34367711566672277,0.3736771156667227,0.2177140180673905,-0.0016603612331449556,False,False,False,False,4c282cb5-57c0-41f0-84da-056568c48412
1,normal,127,59,continuous,resource_efficient,1,URLLC,1.248,1950.0,1560.0,136.2,333.0,32.0,68.0,8.0,29.579999999999995,41.30119339380308,29.576329110452537,29.12247749574438,-1,PF(default),"[0.995567798614502, 0.05064549669623375, 0.5505682229995728]",0.39000360642926984,0.167158045351291,0.5963228843332773,0.34367711566672277,0.3736771156667227,0.2177140180673905,-0.0016603612331449556,False,False,False,False,4c282cb5-57c0-41f0-84da-056568c48412
1,normal,127,59,continuous,resource_efficient,2,MTC,2.3552,2560.0,2944.0,185.0,549.0,20.0,80.0,4.0,29.119999999999997,41.30119339380308,29.576329110452537,29.12247749574438,-1,PF(default),"[0.995567798614502, 0.05064549669623375, 0.5505682229995728]",0.39000360642926984,0.167158045351291,0.5963228843332773,0.34367711566672277,0.3736771156667227,0.2177140180673905,-0.0016603612331449556,False,False,False,False,4c282cb5-57c0-41f0-84da-056568c48412
1,normal,127,60,continuous,resource_efficient,0,eMBB,11.0016,91680.0,13752.0,895378.4,1041810.0,85.0,15.0,51.0,33.11,33.105714465210966,36.566880398380654,30.327405136408387,-1,PF(default),"[0.19367900490760803, 0.2013237029314041, 0.22668464481830597]",0.3581008634019629,0.12901432967164497,0.5277700290946882,0.4122299709053119,0.4422299709053118,0.08195478928592118,-0.04363285607315414,False,False,False,False,4c282cb5-57c0-41f0-84da-056568c48412
1,normal,127,60,continuous,resource_efficient,1,URLLC,1.0608,1950.0,1326.0,87.0,87.0,40.0,60.0,10.0,36.57,33.105714465210966,36.566880398380654,30.327405136408387,-1,PF(default),"[0.19367900490760803, 0.2013237029314041, 0.22668464481830597]",0.3581008634019629,0.12901432967164497,0.5277700290946882,0.4122299709053119,0.4422299709053118,0.08195478928592118,-0.04363285607315414,False,False,False,False,4c282cb5-57c0-41f0-84da-056568c48412
1,normal,127,60,continuous,resource_efficient,2,MTC,1.7408000000000003,3840.0,2176.0,150.2,269.0,43.330999999999996,56.669000000000004,13.0,30.32999999999999,33.105714465210966,36.566880398380654,30.327405136408387,-1,PF(default),"[0.19367900490760803, 0.2013237029314041, 0.22668464481830597]",0.3581008634019629,0.12901432967164497,0.5277700290946882,0.4122299709053119,0.4422299709053118,0.08195478928592118,-0.04363285607315414,False,False,False,False,4c282cb5-57c0-41f0-84da-056568c48412
1,normal,127,61,continuous,resource_efficient,0,eMBB,13.446399999999999,91680.0,16808.0,915560.6,1060638.0,81.668,18.331999999999994,49.0,29.2,29.198842379997014,32.19706862791673,38.60408899208626,-1,PF(default),"[-0.3606560230255127, -0.3878927528858185, 0.34049347043037415]",0.3200931738186439,0.13534814056284145,0.47665943888583295,0.4633405611141671,0.4933405611141669,0.08276683855677874,-0.07307305048377087,False,False,False,False,4c282cb5-57c0-41f0-84da-056568c48412
1,normal,127,61,continuous,resource_efficient,1,URLLC,1.0608,1950.0,1326.0,152.6,333.0,40.0,60.0,10.0,32.2,29.198842379997014,32.19706862791673,38.60408899208626,-1,PF(default),"[-0.3606560230255127, -0.3878927528858185, 0.34049347043037415]",0.3200931738186439,0.13534814056284145,0.47665943888583295,0.4633405611141671,0.4933405611141669,0.08276683855677874,-0.07307305048377087,False,False,False,False,4c282cb5-57c0-41f0-84da-056568c48412
1,normal,127,61,continuous,resource_efficient,2,MTC,1.6384000000000003,2560.0,2048.0,155.5,269.0,20.0,80.0,4.0,38.60000000000001,29.198842379997014,32.19706862791673,38.60408899208626,-1,PF(default),"[-0.3606560230255127, -0.3878927528858185, 0.34049347043037415]",0.3200931738186439,0.13534814056284145,0.47665943888583295,0.4633405611141671,0.4933405611141669,0.08276683855677874,-0.07307305048377087,False,False,False,False,4c282cb5-57c0-41f0-84da-056568c48412
1,normal,127,62,continuous,resource_efficient,0,eMBB,9.7792,84040.0,12224.0,926615.6,1072439.0,85.45599999999999,14.544000000000011,47.0,37.71,37.70817869324446,41.14144123962477,21.150380067130754,-1,PF(default),"[0.870136559009552, 0.8747952580451965, -0.120346300303936]",0.3755743980570306,0.1604802732006069,0.5602092642528079,0.379790735747192,0.40979073574719216,0.17453708924955502,-0.022505241270671626,False,False,False,False,4c282cb5-57c0-41f0-84da-056568c48412
1,normal,127,62,continuous,resource_efficient,1,URLLC,1.9968,1950.0,2496.0,103.4,169.0,20.0,80.0,5.0,41.14,37.70817869324446,41.14144123962477,21.150380067130754,-1,PF(default),"[0.870136559009552, 0.8747952580451965, -0.120346300303936]",0.3755743980570306,0.1604802732006069,0.5602092642528079,0.379790735747192,0.40979073574719216,0.17453708924955502,-0.022505241270671626,False,False,False,False,4c282cb5-57c0-41f0-84da-056568c48412
1,normal,127,62,continuous,resource_efficient,2,MTC,2.4576,3840.0,3072.0,197.4,477.0,20.0,80.0,6.0,21.150000000000002,37.70817869324446,41.14144123962477,21.150380067130754,-1,PF(default),"[0.870136559009552, 0.8747952580451965, -0.120346300303936]",0.3755743980570306,0.1604802732006069,0.5602092642528079,0.379790735747192,0.40979073574719216,0.17453708924955502,-0.022505241270671626,False,False,False,False,4c282cb5-57c0-41f0-84da-056568c48412
1,normal,127,63,continuous,resource_efficient,0,eMBB,11.0016,91680.0,13752.0,937022.0,1091348.0,85.0,15.0,51.0,24.99,24.994641651873767,43.526087076756816,31.47927127136942,-1,PF(default),"[-0.06662169098854065, 0.9716677665710449, 0.7119127511978149]",0.29655869446197014,0.1137972115696074,0.43382475692269495,0.506175243077305,0.536175243077305,0.127135370413707,-0.10530247205314691,False,False,False,False,4c282cb5-57c0-41f0-84da-056568c48412
1,normal,127,63,continuous,resource_efficient,1,URLLC,0.9359999999999999,1950.0,1170.0,87.0,87.0,40.0,60.0,10.0,43.53,24.994641651873767,43.526087076756816,31.47927127136942,-1,PF(default),"[-0.06662169098854065, 0.9716677665710449, 0.7119127511978149]",0.29655869446197014,0.1137972115696074,0.43382475692269495,0.506175243077305,0.536175243077305,0.127135370413707,-0.10530247205314691,False,False,False,False,4c282cb5-57c0-41f0-84da-056568c48412
1,normal,127,63,continuous,resource_efficient,2,MTC,2.4576,2560.0,3072.0,188.9,477.0,20.0,80.0,4.0,31.48,24.994641651873767,43.526087076756816,31.47927127136942,-1,PF(default),"[-0.06662169098854065, 0.9716677665710449, 0.7119127511978149]",0.29655869446197014,0.1137972115696074,0.43382475692269495,0.506175243077305,0.536175243077305,0.127135370413707,-0.10530247205314691,False,False,False,False,4c282cb5-57c0-41f0-84da-056568c48412
1,normal,127,64,continuous,resource_efficient,0,eMBB,7.3344,91680.0,9168.0,955700.4,1091348.0,90.0,10.0,54.0,42.46,42.45689969331402,35.225555907409884,22.317544399276095,-1,PF(default),"[0.5856641530990601, 0.05857900157570839, -0.46911314129829407]",0.31889322977503104,0.10542133871132807,0.6206280525978061,0.3193719474021939,0.3493719474021939,0.17462258041440254,0.002729970280229168,False,False,False,False,4c282cb5-57c0-41f0-84da-056568c48412
1,normal,127,64,continuous,resource_efficient,1,URLLC,0.624,1950.0,780.0,595.4,2465.0,60.0,40.0,15.0,35.23,42.45689969331402,35.225555907409884,22.317544399276095,-1,PF(default),"[0.5856641530990601, 0.05857900157570839, -0.46911314129829407]",0.31889322977503104,0.10542133871132807,0.6206280525978061,0.3193719474021939,0.3493719474021939,0.17462258041440254,0.002729970280229168,False,False,False,False,4c282cb5-57c0-41f0-84da-056568c48412
1,normal,127,64,continuous,resource_efficient,2,MTC,1.6384000000000003,3840.0,2048.0,192.4,477.0,46.663999999999994,53.336000000000006,14.0,22.319999999999997,42.45689969331402,35.225555907409884,22.317544399276095,-1,PF(default),"[0.5856641530990601, 0.05857900157570839, -0.46911314129829407]",0.31889322977503104,0.10542133871132807,0.6206280525978061,0.3193719474021939,0.3493719474021939,0.17462258041440254,0.002729970280229168,False,False,False,False,4c282cb5-57c0-41f0-84da-056568c48412
1,normal,127,65,continuous,resource_efficient,0,eMBB,7.3344,84040.0,9168.0,968460.0,1113983.0,89.092,10.908000000000001,49.0,23.9,23.900631049854585,45.66323577080899,30.436133179336437,-1,PF(default),"[-0.5646573305130005, 0.7013845443725586, 0.29546982049942017]",0.1988489483068011,0.11127507379344519,0.4192719243583999,0.5207280756416001,0.5507280756416002,0.18556268643459436,-0.11745996494800076,False,False,False,False,4c282cb5-57c0-41f0-84da-056568c48412
1,normal,127,65,continuous,resource_efficient,1,URLLC,1.4976,1950.0,1872.0,644.6,2465.0,24.0,76.0,6.0,45.66,23.900631049854585,45.66323577080899,30.436133179336437,-1,PF(default),"[-0.5646573305130005, 0.7013845443725586, 0.29546982049942017]",0.1988489483068011,0.11127507379344519,0.4192719243583999,0.5207280756416001,0.5507280756416002,0.18556268643459436,-0.11745996494800076,False,False,False,False,4c282cb5-57c0-41f0-84da-056568c48412
1,normal,127,65,continuous,resource_efficient,2,MTC,2.4576,2560.0,3072.0,300.0,1491.0,20.0,80.0,4.0,30.440000000000005,23.900631049854585,45.66323577080899,30.436133179336437,-1,PF(default),"[-0.5646573305130005, 0.7013845443725586, 0.29546982049942017]",0.1988489483068011,0.11127507379344519,0.4192719243583999,0.5207280756416001,0.5507280756416002,0.18556268643459436,-0.11745996494800076,False,False,False,False,4c282cb5-57c0-41f0-84da-056568c48412
1,normal,127,66,continuous,resource_efficient,0,eMBB,7.3344,91680.0,9168.0,981109.4,1139703.0,90.0,10.0,54.0,39.79,39.794360853103214,29.545660711896925,30.659978434999868,-1,PF(default),"[0.9154578447341919, 0.030441677197813988, 0.6265043020248413]",0.298908826344165,0.1286381114591691,0.5873973613528903,0.3526026386471097,0.38260263864710964,0.16117575058912062,-0.011892748425888012,False,False,False,False,4c282cb5-57c0-41f0-84da-056568c48412
1,normal,127,66,continuous,resource_efficient,1,URLLC,1.3728,1950.0,1716.0,597.2,2638.0,20.0,80.0,5.0,29.55,39.794360853103214,29.545660711896925,30.659978434999868,-1,PF(default),"[0.9154578447341919, 0.030441677197813988, 0.6265043020248413]",0.298908826344165,0.1286381114591691,0.5873973613528903,0.3526026386471097,0.38260263864710964,0.16117575058912062,-0.011892748425888012,False,False,False,False,4c282cb5-57c0-41f0-84da-056568c48412
1,normal,127,66,continuous,resource_efficient,2,MTC,1.6384000000000003,3840.0,2048.0,402.2,1491.0,46.663999999999994,53.336000000000006,14.0,30.660000000000004,39.794360853103214,29.545660711896925,30.659978434999868,-1,PF(default),"[0.9154578447341919, 0.030441677197813988, 0.6265043020248413]",0.298908826344165,0.1286381114591691,0.5873973613528903,0.3526026386471097,0.38260263864710964,0.16117575058912062,-0.011892748425888012,False,False,False,False,4c282cb5-57c0-41f0-84da-056568c48412
1,normal,127,67,continuous,resource_efficient,0,eMBB,9.7792,91680.0,12224.0,991679.2,1151406.0,86.666,13.334000000000003,52.0,42.7,42.69925922466202,31.020012975780276,26.280727799557702,-1,PF(default),"[0.27957406640052795, -0.5801262855529785, -0.4190734326839447]",-0.3333,0.16576511162621385,0.6127383701319542,0.32726162986804574,0.35726162986804577,0.04379250635442161,0.0,True,False,False,False,4c282cb5-57c0-41f0-84da-056568c48412
1,normal,127,67,continuous,resource_efficient,1,URLLC,1.4352,1950.0,1794.0,695.8,2803.0,36.0,64.0,9.0,31.02,42.69925922466202,31.020012975780276,26.280727799557702,-1,PF(default),"[0.27957406640052795, -0.5801262855529785, -0.4190734326839447]",-0.3333,0.16576511162621385,0.6127383701319542,0.32726162986804574,0.35726162986804577,0.04379250635442161,0.0,False,False,False,False,4c282cb5-57c0-41f0-84da-056568c48412
1,normal,127,67,continuous,resource_efficient,2,MTC,1.6384000000000003,2560.0,2048.0,319.4,1435.0,20.0,80.0,4.0,26.28,42.69925922466202,31.020012975780276,26.280727799557702,-1,PF(default),"[0.27957406640052795, -0.5801262855529785, -0.4190734326839447]",-0.3333,0.16576511162621385,0.6127383701319542,0.32726162986804574,0.35726162986804577,0.04379250635442161,0.0,False,False,False,False,4c282cb5-57c0-41f0-84da-056568c48412
1,normal,127,68,continuous,resource_efficient,0,eMBB,11.0016,84040.0,13752.0,1018302.2,1175448.0,83.636,16.364000000000004,46.0,31.639999999999997,31.64041289736498,40.108948332674,28.250638769961018,-1,PF(default),"[0.27609142661094666, 0.5708466172218323, 0.27209195494651794]",0.24996360934462375,0.1303690634538465,0.5064505522690673,0.4335494477309326,0.46354944773093265,0.11058846327297042,-0.0575852791114388,False,False,False,False,4c282cb5-57c0-41f0-84da-056568c48412
1,normal,127,68,continuous,resource_efficient,1,URLLC,0.8735999999999999,1950.0,1092.0,630.2,2803.0,44.0,56.0,11.0,40.11,31.64041289736498,40.108948332674,28.250638769961018,-1,PF(default),"[0.27609142661094666, 0.5708466172218323, 0.27209195494651794]",0.24996360934462375,0.1303690634538465,0.5064505522690673,0.4335494477309326,0.46354944773093265,0.11058846327297042,-0.0575852791114388,False,False,False,False,4c282cb5-57c0-41f0-84da-056568c48412
1,normal,127,68,continuous,resource_efficient,2,MTC,2.4576,3840.0,3072.0,232.3,720.0,20.0,80.0,6.0,28.25,31.64041289736498,40.108948332674,28.250638769961018,-1,PF(default),"[0.27609142661094666, 0.5708466172218323, 0.27209195494651794]",0.24996360934462375,0.1303690634538465,0.5064505522690673,0.4335494477309326,0.46354944773093265,0.11058846327297042,-0.0575852791114388,False,False,False,False,4c282cb5-57c0-41f0-84da-056568c48412
1,normal,127,69,continuous,resource_efficient,0,eMBB,7.3344,91680.0,9168.0,1029575.8,1192727.0,90.0,10.0,54.0,38.27,38.26566074360602,34.763251185746235,26.971088070647735,-1,PF(default),"[0.7570739984512329, 0.37649115920066833, 0.2970699071884155]",0.33982216481978933,0.12387536335170295,0.564152008054558,0.37584799194544194,0.40584799194544197,0.06625247846241042,-0.022046346420045115,False,False,False,False,4c282cb5-57c0-41f0-84da-056568c48412
1,normal,127,69,continuous,resource_efficient,1,URLLC,0.936,1950.0,1170.0,388.8,1104.0,48.0,52.0,12.0,34.76,38.26566074360602,34.763251185746235,26.971088070647735,-1,PF(default),"[0.7570739984512329, 0.37649115920066833, 0.2970699071884155]",0.33982216481978933,0.12387536335170295,0.564152008054558,0.37584799194544194,0.40584799194544197,0.06625247846241042,-0.022046346420045115,False,False,False,False,4c282cb5-57c0-41f0-84da-056568c48412
1,normal,127,69,continuous,resource_efficient,2,MTC,2.3552,2560.0,2944.0,207.1,631.0,20.0,80.0,4.0,26.97,38.26566074360602,34.763251185746235,26.971088070647735,-1,PF(default),"[0.7570739984512329, 0.37649115920066833, 0.2970699071884155]",0.33982216481978933,0.12387536335170295,0.564152008054558,0.37584799194544194,0.40584799194544197,0.06625247846241042,-0.022046346420045115,False,False,False,False,4c282cb5-57c0-41f0-84da-056568c48412
1,normal,127,70,continuous,resource_efficient,0,eMBB,11.0016,91680.0,13752.0,1035880.4,1192727.0,85.0,15.0,51.0,37.81,37.80774903462657,25.505089574027295,36.687161391346145,-1,PF(default),"[0.8308546543121338, -0.5147693157196045, 0.9302471876144409]",0.34719157286422314,0.13236695196529072,0.5736454075527997,0.36635459244720037,0.3963545924472003,0.09716073320698404,-0.016197401735611253,False,False,False,False,4c282cb5-57c0-41f0-84da-056568c48412
1,normal,127,70,continuous,resource_efficient,1,URLLC,0.8735999999999999,1950.0,1092.0,388.8,1104.0,44.0,56.0,11.0,25.51,37.80774903462657,25.505089574027295,36.687161391346145,-1,PF(default),"[0.8308546543121338, -0.5147693157196045, 0.9302471876144409]",0.34719157286422314,0.13236695196529072,0.5736454075527997,0.36635459244720037,0.3963545924472003,0.09716073320698404,-0.016197401735611253,False,False,False,False,4c282cb5-57c0-41f0-84da-056568c48412
1,normal,127,70,continuous,resource_efficient,2,MTC,1.7408000000000003,3840.0,2176.0,177.8,631.0,43.330999999999996,56.669000000000004,13.0,36.69,37.80774903462657,25.505089574027295,36.687161391346145,-1,PF(default),"[0.8308546543121338, -0.5147693157196045, 0.9302471876144409]",0.34719157286422314,0.13236695196529072,0.5736454075527997,0.36635459244720037,0.3963545924472003,0.09716073320698404,-0.016197401735611253,False,False,False,False,4c282cb5-57c0-41f0-84da-056568c48412
1,normal,127,71,continuous,resource_efficient,0,eMBB,28.115199999999998,84040.0,35144.0,1061633.0,1222554.0,65.456,34.544,36.0,45.66,45.66062721920275,27.596784775313782,26.74258800548347,-1,PF(default),"[0.46706077456474304, -0.8723591566085815, -0.3042634427547455]",0.0,0.3164568056016495,0.6403469586325451,0.29965304136745496,0.3296530413674549,0.09944573385862673,0.0,False,True,False,False,4c282cb5-57c0-41f0-84da-056568c48412
1,normal,127,71,continuous,resource_efficient,1,URLLC,1.1232,1950.0,1404.0,388.8,1104.0,40.0,60.0,10.0,27.6,45.66062721920275,27.596784775313782,26.74258800548347,-1,PF(default),"[0.46706077456474304, -0.8723591566085815, -0.3042634427547455]",0.0,0.3164568056016495,0.6403469586325451,0.29965304136745496,0.3296530413674549,0.09944573385862673,0.0,False,False,False,False,4c282cb5-57c0-41f0-84da-056568c48412
1,normal,127,71,continuous,resource_efficient,2,MTC,2.4576,2560.0,3072.0,197.5,533.0,20.0,80.0,4.0,26.740000000000002,45.66062721920275,27.596784775313782,26.74258800548347,-1,PF(default),"[0.46706077456474304, -0.8723591566085815, -0.3042634427547455]",0.0,0.3164568056016495,0.6403469586325451,0.29965304136745496,0.3296530413674549,0.09944573385862673,0.0,False,False,False,False,4c282cb5-57c0-41f0-84da-056568c48412
1,normal,127,72,continuous,resource_efficient,0,eMBB,12.224,91680.0,15280.0,1078290.6,1244850.0,83.334,16.665999999999997,50.0,31.82,31.817503415737214,43.028771183252275,25.15372540101051,-1,PF(default),"[0.4075484573841095, 0.8261270523071289, 0.15906786918640137]",0.3030960756949871,0.11602911858560536,0.517020826359235,0.42297917364076504,0.452979173640765,0.15431986407938494,-0.0562976736713072,False,False,False,False,4c282cb5-57c0-41f0-84da-056568c48412
1,normal,127,72,continuous,resource_efficient,1,URLLC,0.624,1950.0,780.0,519.2,1231.0,60.0,40.0,15.0,43.03,31.817503415737214,43.028771183252275,25.15372540101051,-1,PF(default),"[0.4075484573841095, 0.8261270523071289, 0.15906786918640137]",0.3030960756949871,0.11602911858560536,0.517020826359235,0.42297917364076504,0.452979173640765,0.15431986407938494,-0.0562976736713072,False,False,False,False,4c282cb5-57c0-41f0-84da-056568c48412
1,normal,127,72,continuous,resource_efficient,2,MTC,1.6384000000000003,3840.0,2048.0,196.8,792.0,46.663999999999994,53.336000000000006,14.0,25.150000000000002,31.817503415737214,43.028771183252275,25.15372540101051,-1,PF(default),"[0.4075484573841095, 0.8261270523071289, 0.15906786918640137]",0.3030960756949871,0.11602911858560536,0.517020826359235,0.42297917364076504,0.452979173640765,0.15431986407938494,-0.0562976736713072,False,False,False,False,4c282cb5-57c0-41f0-84da-056568c48412
1,normal,127,73,continuous,resource_efficient,0,eMBB,13.4464,91680.0,16808.0,1090599.6,1262049.0,81.666,18.334000000000003,49.0,34.32,34.32476300883114,33.076084944413836,32.59915204675503,-1,PF(default),"[-0.3900878429412842, -0.6905916333198547, -0.3031306564807892]",0.32390238274579014,0.14178881482588984,0.5298937981003283,0.41010620189967173,0.44010620189967165,0.0995268623883844,-0.040682301294044265,False,False,False,False,4c282cb5-57c0-41f0-84da-056568c48412
1,normal,127,73,continuous,resource_efficient,1,URLLC,0.624,1950.0,780.0,433.8,1104.0,60.0,40.0,15.0,33.08,34.32476300883114,33.076084944413836,32.59915204675503,-1,PF(default),"[-0.3900878429412842, -0.6905916333198547, -0.3031306564807892]",0.32390238274579014,0.14178881482588984,0.5298937981003283,0.41010620189967173,0.44010620189967165,0.0995268623883844,-0.040682301294044265,False,False,False,False,4c282cb5-57c0-41f0-84da-056568c48412
1,normal,127,73,continuous,resource_efficient,2,MTC,2.3552,2560.0,2944.0,156.3,401.0,20.0,80.0,4.0,32.60000000000001,34.32476300883114,33.076084944413836,32.59915204675503,-1,PF(default),"[-0.3900878429412842, -0.6905916333198547, -0.3031306564807892]",0.32390238274579014,0.14178881482588984,0.5298937981003283,0.41010620189967173,0.44010620189967165,0.0995268623883844,-0.040682301294044265,False,False,False,False,4c282cb5-57c0-41f0-84da-056568c48412
1,normal,127,74,continuous,resource_efficient,0,eMBB,8.556799999999999,84040.0,10696.0,1104097.4,1266216.0,87.274,12.725999999999999,48.0,48.41,48.41478902081141,29.268687782478086,22.31652319671051,-1,PF(default),"[0.7623828649520874, -0.4688614010810852, -0.5003337264060974]",0.41008170355566986,0.15719271411719352,0.6756427804306449,0.2643572195693552,0.2943572195693551,0.14090026011980272,0.04777919807583545,False,False,False,False,4c282cb5-57c0-41f0-84da-056568c48412
1,normal,127,74,continuous,resource_efficient,1,URLLC,1.1856,1950.0,1482.0,433.8,1104.0,48.0,52.0,12.0,29.27,48.41478902081141,29.268687782478086,22.31652319671051,-1,PF(default),"[0.7623828649520874, -0.4688614010810852, -0.5003337264060974]",0.41008170355566986,0.15719271411719352,0.6756427804306449,0.2643572195693552,0.2943572195693551,0.14090026011980272,0.04777919807583545,False,False,False,False,4c282cb5-57c0-41f0-84da-056568c48412
1,normal,127,74,continuous,resource_efficient,2,MTC,1.7408000000000003,3840.0,2176.0,163.4,401.0,43.330999999999996,56.669000000000004,13.0,22.319999999999997,48.41478902081141,29.268687782478086,22.31652319671051,-1,PF(default),"[0.7623828649520874, -0.4688614010810852, -0.5003337264060974]",0.41008170355566986,0.15719271411719352,0.6756427804306449,0.2643572195693552,0.2943572195693551,0.14090026011980272,0.04777919807583545,False,False,False,False,4c282cb5-57c0-41f0-84da-056568c48412
1,normal,127,75,continuous,resource_efficient,0,eMBB,13.4464,91680.0,16808.0,1120781.0,1291064.0,81.666,18.334000000000003,49.0,37.33,37.32694482553493,36.98185052500611,25.69120464945897,-1,PF(default),"[0.17762388288974762, -0.01852455362677574, -0.33651137351989746]",0.2828272890421884,0.1756672809681399,0.5577529482827127,0.38224705171728723,0.41224705171728726,0.1108784419527648,-0.01775869693438262,False,False,False,False,4c282cb5-57c0-41f0-84da-056568c48412
1,normal,127,75,continuous,resource_efficient,1,URLLC,1.4976,1950.0,1872.0,999.6,3068.0,40.0,60.0,10.0,36.98,37.32694482553493,36.98185052500611,25.69120464945897,-1,PF(default),"[0.17762388288974762, -0.01852455362677574, -0.33651137351989746]",0.2828272890421884,0.1756672809681399,0.5577529482827127,0.38224705171728723,0.41224705171728726,0.1108784419527648,-0.01775869693438262,False,False,False,False,4c282cb5-57c0-41f0-84da-056568c48412
1,normal,127,75,continuous,resource_efficient,2,MTC,1.6384000000000003,2560.0,2048.0,131.3,137.0,20.0,80.0,4.0,25.690000000000005,37.32694482553493,36.98185052500611,25.69120464945897,-1,PF(default),"[0.17762388288974762, -0.01852455362677574, -0.33651137351989746]",0.2828272890421884,0.1756672809681399,0.5577529482827127,0.38224705171728723,0.41224705171728726,0.1108784419527648,-0.01775869693438262,False,False,False,False,4c282cb5-57c0-41f0-84da-056568c48412
1,normal,127,76,continuous,resource_efficient,0,eMBB,8.556799999999999,91680.0,10696.0,1132489.8,1308822.0,88.334,11.665999999999997,53.0,26.829999999999995,26.825705337024413,27.600969711568666,45.573324951406924,-1,PF(default),"[-0.5220751166343689, -0.8123271465301514, 0.632552981376648]",0.2038933551225493,0.11590635810407336,0.4554904968700719,0.4845095031299281,0.514509503129928,0.19882120301947953,-0.09546549040811614,False,False,False,False,4c282cb5-57c0-41f0-84da-056568c48412
1,normal,127,76,continuous,resource_efficient,1,URLLC,1.4976,1950.0,1872.0,955.0,3039.0,40.0,60.0,10.0,27.6,26.825705337024413,27.600969711568666,45.573324951406924,-1,PF(default),"[-0.5220751166343689, -0.8123271465301514, 0.632552981376648]",0.2038933551225493,0.11590635810407336,0.4554904968700719,0.4845095031299281,0.514509503129928,0.19882120301947953,-0.09546549040811614,False,False,False,False,4c282cb5-57c0-41f0-84da-056568c48412
1,normal,127,76,continuous,resource_efficient,2,MTC,2.1504,3840.0,2688.0,182.2,401.0,30.0,70.0,9.0,45.57,26.825705337024413,27.600969711568666,45.573324951406924,-1,PF(default),"[-0.5220751166343689, -0.8123271465301514, 0.632552981376648]",0.2038933551225493,0.11590635810407336,0.4554904968700719,0.4845095031299281,0.514509503129928,0.19882120301947953,-0.09546549040811614,False,False,False,False,4c282cb5-57c0-41f0-84da-056568c48412
1,normal,127,77,continuous,resource_efficient,0,eMBB,6.112,84040.0,7640.0,1143279.0,1309467.0,90.91,9.090000000000003,50.0,34.19,34.18587467117629,40.828600447480135,24.985524881343572,-1,PF(default),"[0.6626960039138794, 0.8356300592422485, 0.2546542286872864]",0.3236177865924886,0.13034365072910906,0.5184239382775495,0.42157606172245055,0.4515760617224506,0.2058780007006335,-0.055170806922680206,False,False,False,False,4c282cb5-57c0-41f0-84da-056568c48412
1,normal,127,77,continuous,resource_efficient,1,URLLC,2.496,1950.0,3120.0,244.2,627.0,20.0,80.0,5.0,40.83,34.18587467117629,40.828600447480135,24.985524881343572,-1,PF(default),"[0.6626960039138794, 0.8356300592422485, 0.2546542286872864]",0.3236177865924886,0.13034365072910906,0.5184239382775495,0.42157606172245055,0.4515760617224506,0.2058780007006335,-0.055170806922680206,False,False,False,False,4c282cb5-57c0-41f0-84da-056568c48412
1,normal,127,77,continuous,resource_efficient,2,MTC,2.1504,2560.0,2688.0,150.1,325.0,30.0,70.0,6.0,24.990000000000002,34.18587467117629,40.828600447480135,24.985524881343572,-1,PF(default),"[0.6626960039138794, 0.8356300592422485, 0.2546542286872864]",0.3236177865924886,0.13034365072910906,0.5184239382775495,0.42157606172245055,0.4515760617224506,0.2058780007006335,-0.055170806922680206,False,False,False,False,4c282cb5-57c0-41f0-84da-056568c48412
1,normal,127,78,continuous,resource_efficient,0,eMBB,11.0016,91680.0,13752.0,1163741.2,1341161.0,84.99799999999999,15.00200000000001,51.0,24.77,24.7719193926093,44.146015359109505,31.082065248281193,-1,PF(default),"[-0.6448583006858826, 0.4465431272983551, 0.13864392042160034]",0.2800603676667124,0.10202400153542673,0.4425474338062362,0.4974525661937637,0.5274525661937638,0.09413955278566992,-0.10077371704845642,False,False,False,False,4c282cb5-57c0-41f0-84da-056568c48412
1,normal,127,78,continuous,resource_efficient,1,URLLC,0.9984,1950.0,1248.0,211.4,627.0,40.0,60.0,10.0,44.15,24.7719193926093,44.146015359109505,31.082065248281193,-1,PF(default),"[-0.6448583006858826, 0.4465431272983551, 0.13864392042160034]",0.2800603676667124,0.10202400153542673,0.4425474338062362,0.4974525661937637,0.5274525661937638,0.09413955278566992,-0.10077371704845642,False,False,False,False,4c282cb5-57c0-41f0-84da-056568c48412
1,normal,127,78,continuous,resource_efficient,2,MTC,1.4336000000000002,3840.0,1792.0,193.0,629.0,53.330999999999996,46.669000000000004,16.0,31.07999999999999,24.7719193926093,44.146015359109505,31.082065248281193,-1,PF(default),"[-0.6448583006858826, 0.4465431272983551, 0.13864392042160034]",0.2800603676667124,0.10202400153542673,0.4425474338062362,0.4974525661937637,0.5274525661937638,0.09413955278566992,-0.10077371704845642,False,False,False,False,4c282cb5-57c0-41f0-84da-056568c48412
1,normal,127,79,continuous,resource_efficient,0,eMBB,9.7792,91680.0,12224.0,1176110.8,1359251.0,86.666,13.334000000000003,52.0,30.96,30.95979992368958,46.03968451090601,23.000515565404424,-1,PF(default),"[-0.12341707944869995, 0.47630879282951355, -0.5147484540939331]",0.3147173570284486,0.1130663586611222,0.4962109382374895,0.4437890617625104,0.47378906176251046,0.08081549682876772,-0.0657009401667202,False,False,False,False,4c282cb5-57c0-41f0-84da-056568c48412
1,normal,127,79,continuous,resource_efficient,1,URLLC,0.624,1950.0,780.0,244.2,627.0,60.0,40.0,15.0,46.04,30.95979992368958,46.03968451090601,23.000515565404424,-1,PF(default),"[-0.12341707944869995, 0.47630879282951355, -0.5147484540939331]",0.3147173570284486,0.1130663586611222,0.4962109382374895,0.4437890617625104,0.47378906176251046,0.08081549682876772,-0.0657009401667202,False,False,False,False,4c282cb5-57c0-41f0-84da-056568c48412
1,normal,127,79,continuous,resource_efficient,2,MTC,2.1504,2560.0,2688.0,193.5,629.0,30.0,70.0,6.0,23.0,30.95979992368958,46.03968451090601,23.000515565404424,-1,PF(default),"[-0.12341707944869995, 0.47630879282951355, -0.5147484540939331]",0.3147173570284486,0.1130663586611222,0.4962109382374895,0.4437890617625104,0.47378906176251046,0.08081549682876772,-0.0657009401667202,False,False,False,False,4c282cb5-57c0-41f0-84da-056568c48412
1,normal,127,80,continuous,resource_efficient,0,eMBB,7.3344,84040.0,9168.0,1194523.6,1377036.0,89.092,10.908000000000001,49.0,27.639999999999997,27.639859437884756,47.669484975751026,24.690655586364223,-1,PF(default),"[-0.5833139419555664, 0.3414090871810913, -0.5492051839828491]",0.2897522885207158,0.0987379453579801,0.4652119762967568,0.474788023703243,0.5047880237032432,0.03319940485804823,-0.08478519539325227,False,False,False,False,4c282cb5-57c0-41f0-84da-056568c48412
1,normal,127,80,continuous,resource_efficient,1,URLLC,1.248,1950.0,1560.0,285.6,752.0,40.0,60.0,10.0,47.67,27.639859437884756,47.669484975751026,24.690655586364223,-1,PF(default),"[-0.5833139419555664, 0.3414090871810913, -0.5492051839828491]",0.2897522885207158,0.0987379453579801,0.4652119762967568,0.474788023703243,0.5047880237032432,0.03319940485804823,-0.08478519539325227,False,False,False,False,4c282cb5-57c0-41f0-84da-056568c48412
1,normal,127,80,continuous,resource_efficient,2,MTC,1.4336000000000002,3840.0,1792.0,199.4,629.0,53.330999999999996,46.669000000000004,16.0,24.69,27.639859437884756,47.669484975751026,24.690655586364223,-1,PF(default),"[-0.5833139419555664, 0.3414090871810913, -0.5492051839828491]",0.2897522885207158,0.0987379453579801,0.4652119762967568,0.474788023703243,0.5047880237032432,0.03319940485804823,-0.08478519539325227,False,False,False,False,4c282cb5-57c0-41f0-84da-056568c48412
1,normal,127,81,continuous,resource_efficient,0,eMBB,22.0032,91680.0,27504.0,1205240.4,1381325.0,69.998,30.001999999999995,42.0,28.0,27.995325094307788,36.586465204219984,35.41820970147222,-1,PF(default),"[-0.5065961480140686, -0.1254919022321701, 0.16073866188526154]",0.0,0.16127558351529556,0.46656531528066236,0.4734346847193376,0.5034346847193376,0.11083019771531037,0.0,False,True,False,False,4c282cb5-57c0-41f0-84da-056568c48412
1,normal,127,81,continuous,resource_efficient,1,URLLC,0.6864,1950.0,858.0,251.0,579.0,56.0,44.0,14.0,36.59,27.995325094307788,36.586465204219984,35.41820970147222,-1,PF(default),"[-0.5065961480140686, -0.1254919022321701, 0.16073866188526154]",0.0,0.16127558351529556,0.46656531528066236,0.4734346847193376,0.5034346847193376,0.11083019771531037,0.0,False,False,False,False,4c282cb5-57c0-41f0-84da-056568c48412
1,normal,127,81,continuous,resource_efficient,2,MTC,1.4336000000000002,2560.0,1792.0,221.5,929.0,30.0,70.0,6.0,35.42000000000001,27.995325094307788,36.586465204219984,35.41820970147222,-1,PF(default),"[-0.5065961480140686, -0.1254919022321701, 0.16073866188526154]",0.0,0.16127558351529556,0.46656531528066236,0.4734346847193376,0.5034346847193376,0.11083019771531037,0.0,False,False,False,False,4c282cb5-57c0-41f0-84da-056568c48412
1,normal,127,82,continuous,resource_efficient,0,eMBB,7.3344,91680.0,9168.0,1223995.6,1405651.0,90.0,10.0,54.0,32.48,32.47624689583923,36.396811668577946,31.126941435582822,-1,PF(default),"[0.6335744857788086, 0.6699398756027222, 0.751598596572876]",0.32119975664396777,0.09102648215707752,0.510159076288897,0.429840923711103,0.45984092371110297,0.0448092180153144,-0.05993971869601201,False,False,False,False,4c282cb5-57c0-41f0-84da-056568c48412
1,normal,127,82,continuous,resource_efficient,1,URLLC,0.624,1950.0,780.0,201.8,579.0,60.0,40.0,15.0,36.4,32.47624689583923,36.396811668577946,31.126941435582822,-1,PF(default),"[0.6335744857788086, 0.6699398756027222, 0.751598596572876]",0.32119975664396777,0.09102648215707752,0.510159076288897,0.429840923711103,0.45984092371110297,0.0448092180153144,-0.05993971869601201,False,False,False,False,4c282cb5-57c0-41f0-84da-056568c48412
1,normal,127,82,continuous,resource_efficient,2,MTC,2.1504,3840.0,2688.0,278.4,1023.0,30.0,70.0,9.0,31.130000000000003,32.47624689583923,36.396811668577946,31.126941435582822,-1,PF(default),"[0.6335744857788086, 0.6699398756027222, 0.751598596572876]",0.32119975664396777,0.09102648215707752,0.510159076288897,0.429840923711103,0.45984092371110297,0.0448092180153144,-0.05993971869601201,False,False,False,False,4c282cb5-57c0-41f0-84da-056568c48412
1,normal,127,83,continuous,resource_efficient,0,eMBB,11.0016,84040.0,13752.0,1232535.8,1405651.0,83.638,16.361999999999995,46.0,26.869999999999997,26.865687410833395,38.770616927279754,34.36369566188685,-1,PF(default),"[-0.23563311994075775, 0.37420448660850525, 0.487799733877182]",0.2963353691871829,0.14154075717480713,0.4494986401245744,0.4905013598754256,0.5205013598754257,0.05610559485005839,-0.08679794423279687,False,False,False,False,4c282cb5-57c0-41f0-84da-056568c48412
1,normal,127,83,continuous,resource_efficient,1,URLLC,1.56,1950.0,1950.0,300.2,579.0,40.0,60.0,10.0,38.77,26.865687410833395,38.770616927279754,34.36369566188685,-1,PF(default),"[-0.23563311994075775, 0.37420448660850525, 0.487799733877182]",0.2963353691871829,0.14154075717480713,0.4494986401245744,0.4905013598754256,0.5205013598754257,0.05610559485005839,-0.08679794423279687,False,False,False,False,4c282cb5-57c0-41f0-84da-056568c48412
1,normal,127,83,continuous,resource_efficient,2,MTC,4.1983999999999995,2560.0,5248.0,183.4,665.0,20.0,80.0,4.0,34.36000000000001,26.865687410833395,38.770616927279754,34.36369566188685,-1,PF(default),"[-0.23563311994075775, 0.37420448660850525, 0.487799733877182]",0.2963353691871829,0.14154075717480713,0.4494986401245744,0.4905013598754256,0.5205013598754257,0.05610559485005839,-0.08679794423279687,False,False,False,False,4c282cb5-57c0-41f0-84da-056568c48412
1,normal,127,84,continuous,resource_efficient,0,eMBB,12.224,91680.0,15280.0,1237760.0,1405651.0,83.332,16.668000000000006,50.0,22.61,22.611752241220273,51.67958328319732,25.708664475582417,-1,PF(default),"[-0.7105690240859985, 0.9622581601142883, 0.0221561286598444]",0.23272906080458672,0.09682428347589575,0.42166437576968097,0.5183356242303191,0.548335624230319,0.1290896635591756,-0.11609100102097107,False,False,False,False,4c282cb5-57c0-41f0-84da-056568c48412
1,normal,127,84,continuous,resource_efficient,1,URLLC,0.7488,1950.0,936.0,474.8,1534.0,52.0,48.0,13.0,51.67999999999999,22.611752241220273,51.67958328319732,25.708664475582417,-1,PF(default),"[-0.7105690240859985, 0.9622581601142883, 0.0221561286598444]",0.23272906080458672,0.09682428347589575,0.42166437576968097,0.5183356242303191,0.548335624230319,0.1290896635591756,-0.11609100102097107,False,False,False,False,4c282cb5-57c0-41f0-84da-056568c48412
1,normal,127,84,continuous,resource_efficient,2,MTC,1.5360000000000003,3840.0,1920.0,184.1,665.0,49.998,50.002,15.0,25.71,22.611752241220273,51.67958328319732,25.708664475582417,-1,PF(default),"[-0.7105690240859985, 0.9622581601142883, 0.0221561286598444]",0.23272906080458672,0.09682428347589575,0.42166437576968097,0.5183356242303191,0.548335624230319,0.1290896635591756,-0.11609100102097107,False,False,False,False,4c282cb5-57c0-41f0-84da-056568c48412
1,normal,127,85,continuous,resource_efficient,0,eMBB,12.224,91680.0,15280.0,1245748.0,1405651.0,83.334,16.665999999999997,50.0,40.78,40.77831687434782,28.620312976995255,30.60137014865693,-1,PF(default),"[0.9605690240859985, -0.06807383894920349, 0.6265654563903809]",0.34303525220828796,0.15435461292483643,0.5946077710514398,0.3453922289485603,0.37539222894856017,0.23059270306202065,-0.0058940499372698765,False,False,False,False,4c282cb5-57c0-41f0-84da-056568c48412
1,normal,127,85,continuous,resource_efficient,1,URLLC,0.6864,1950.0,858.0,392.8,1534.0,56.0,44.0,14.0,28.619999999999997,40.77831687434782,28.620312976995255,30.60137014865693,-1,PF(default),"[0.9605690240859985, -0.06807383894920349, 0.6265654563903809]",0.34303525220828796,0.15435461292483643,0.5946077710514398,0.3453922289485603,0.37539222894856017,0.23059270306202065,-0.0058940499372698765,False,False,False,False,4c282cb5-57c0-41f0-84da-056568c48412
1,normal,127,85,continuous,resource_efficient,2,MTC,2.1504,2560.0,2688.0,209.8,929.0,30.0,70.0,6.0,30.6,40.77831687434782,28.620312976995255,30.60137014865693,-1,PF(default),"[0.9605690240859985, -0.06807383894920349, 0.6265654563903809]",0.34303525220828796,0.15435461292483643,0.5946077710514398,0.3453922289485603,0.37539222894856017,0.23059270306202065,-0.0058940499372698765,False,False,False,False,4c282cb5-57c0-41f0-84da-056568c48412
1,normal,127,86,continuous,resource_efficient,0,eMBB,8.556799999999999,84040.0,10696.0,1266368.0,1463127.0,87.274,12.725999999999999,48.0,26.889999999999997,26.894305677867585,39.32581320536297,33.779881116769445,-1,PF(default),"[0.006616674829274416, 0.6428016424179077, 0.6990925073623657]",0.25282849240628924,0.08579685758155939,0.46239829177109937,0.47760170822890047,0.5076017082289006,0.13884011196480234,-0.09434365901926858,False,False,False,False,4c282cb5-57c0-41f0-84da-056568c48412
1,normal,127,86,continuous,resource_efficient,1,URLLC,0.624,1950.0,780.0,409.2,1534.0,60.0,40.0,15.0,39.33,26.894305677867585,39.32581320536297,33.779881116769445,-1,PF(default),"[0.006616674829274416, 0.6428016424179077, 0.6990925073623657]",0.25282849240628924,0.08579685758155939,0.46239829177109937,0.47760170822890047,0.5076017082289006,0.13884011196480234,-0.09434365901926858,False,False,False,False,4c282cb5-57c0-41f0-84da-056568c48412
1,normal,127,86,continuous,resource_efficient,2,MTC,1.4336000000000002,3840.0,1792.0,208.3,929.0,53.330999999999996,46.669000000000004,16.0,33.779999999999994,26.894305677867585,39.32581320536297,33.779881116769445,-1,PF(default),"[0.006616674829274416, 0.6428016424179077, 0.6990925073623657]",0.25282849240628924,0.08579685758155939,0.46239829177109937,0.47760170822890047,0.5076017082289006,0.13884011196480234,-0.09434365901926858,False,False,False,False,4c282cb5-57c0-41f0-84da-056568c48412
1,normal,127,87,continuous,resource_efficient,0,eMBB,9.7792,91680.0,12224.0,1296063.0,1495527.0,86.666,13.334000000000003,52.0,36.3,36.29681651888024,39.07371896839165,24.629464512728106,-1,PF(default),"[0.9105480909347534, 0.8817079663276672, 0.35770928859710693]",0.32807684093030376,0.1593541500184179,0.5459261345670869,0.394073865432913,0.42407386543291303,0.09402510841012657,-0.027274744676570557,False,False,False,False,4c282cb5-57c0-41f0-84da-056568c48412
1,normal,127,87,continuous,resource_efficient,1,URLLC,1.8719999999999999,1950.0,2340.0,333.0,1317.0,40.0,60.0,10.0,39.07,36.29681651888024,39.07371896839165,24.629464512728106,-1,PF(default),"[0.9105480909347534, 0.8817079663276672, 0.35770928859710693]",0.32807684093030376,0.1593541500184179,0.5459261345670869,0.394073865432913,0.42407386543291303,0.09402510841012657,-0.027274744676570557,False,False,False,False,4c282cb5-57c0-41f0-84da-056568c48412
1,normal,127,87,continuous,resource_efficient,2,MTC,2.048,2560.0,2560.0,263.6,1453.0,30.0,70.0,6.0,24.63,36.29681651888024,39.07371896839165,24.629464512728106,-1,PF(default),"[0.9105480909347534, 0.8817079663276672, 0.35770928859710693]",0.32807684093030376,0.1593541500184179,0.5459261345670869,0.394073865432913,0.42407386543291303,0.09402510841012657,-0.027274744676570557,False,False,False,False,4c282cb5-57c0-41f0-84da-056568c48412
1,normal,127,88,continuous,resource_efficient,0,eMBB,13.4464,91680.0,16808.0,1313309.0,1513349.0,81.666,18.334000000000003,49.0,39.75,39.745697615956644,38.23684174652321,22.01746063752014,-1,PF(default),"[0.7779055237770081, 0.5423526763916016, -0.19978617131710052]",0.36659742708667054,0.13372791344993495,0.5937670652547415,0.3462329347452585,0.37623293474525843,0.03448881097076403,-0.0007186187057062962,False,False,False,False,4c282cb5-57c0-41f0-84da-056568c48412
1,normal,127,88,continuous,resource_efficient,1,URLLC,0.4992,1950.0,624.0,356.4,1024.0,68.0,32.0,17.0,38.24,39.745697615956644,38.23684174652321,22.01746063752014,-1,PF(default),"[0.7779055237770081, 0.5423526763916016, -0.19978617131710052]",0.36659742708667054,0.13372791344993495,0.5937670652547415,0.3462329347452585,0.37623293474525843,0.03448881097076403,-0.0007186187057062962,False,False,False,False,4c282cb5-57c0-41f0-84da-056568c48412
1,normal,127,88,continuous,resource_efficient,2,MTC,1.5360000000000003,3840.0,1920.0,268.6,1453.0,49.998,50.002,15.0,22.020000000000003,39.745697615956644,38.23684174652321,22.01746063752014,-1,PF(default),"[0.7779055237770081, 0.5423526763916016, -0.19978617131710052]",0.36659742708667054,0.13372791344993495,0.5937670652547415,0.3462329347452585,0.37623293474525843,0.03448881097076403,-0.0007186187057062962,False,False,False,False,4c282cb5-57c0-41f0-84da-056568c48412
1,normal,127,89,continuous,resource_efficient,0,eMBB,14.6688,84040.0,18336.0,1323155.0,1518924.0,78.184,21.816000000000003,43.0,39.44,39.43912543625109,35.04027038171991,25.520604182029004,-1,PF(default),"[0.5195332765579224, 0.10463953018188477, -0.10583649575710297]",0.39303672482613655,0.1591951772151393,0.5801509966499272,0.3598490033500727,0.3898490033500728,0.035031435445088605,-0.0038219383392702295,False,False,False,False,4c282cb5-57c0-41f0-84da-056568c48412
1,normal,127,89,continuous,resource_efficient,1,URLLC,0.624,1950.0,780.0,152.6,251.0,60.0,40.0,15.0,35.04,39.43912543625109,35.04027038171991,25.520604182029004,-1,PF(default),"[0.5195332765579224, 0.10463953018188477, -0.10583649575710297]",0.39303672482613655,0.1591951772151393,0.5801509966499272,0.3598490033500727,0.3898490033500728,0.035031435445088605,-0.0038219383392702295,False,False,False,False,4c282cb5-57c0-41f0-84da-056568c48412
1,normal,127,89,continuous,resource_efficient,2,MTC,1.4336000000000002,2560.0,1792.0,262.2,1453.0,30.0,70.0,6.0,25.520000000000003,39.43912543625109,35.04027038171991,25.520604182029004,-1,PF(default),"[0.5195332765579224, 0.10463953018188477, -0.10583649575710297]",0.39303672482613655,0.1591951772151393,0.5801509966499272,0.3598490033500727,0.3898490033500728,0.035031435445088605,-0.0038219383392702295,False,False,False,False,4c282cb5-57c0-41f0-84da-056568c48412
1,normal,127,90,continuous,resource_efficient,0,eMBB,12.224,91680.0,15280.0,1337135.2,1538225.0,83.334,16.665999999999997,50.0,32.95,32.95203141845413,39.96160489684175,27.086363684704125,-1,PF(default),"[0.5152179002761841, 0.7186594009399414, 0.3459867238998413]",0.3494991876447907,0.13064276616222376,0.5158074773559038,0.42419252264409624,0.45419252264409615,0.0648709401779696,-0.049630507362911455,False,False,False,False,4c282cb5-57c0-41f0-84da-056568c48412
1,normal,127,90,continuous,resource_efficient,1,URLLC,0.8736,1950.0,1092.0,119.8,169.0,52.0,48.0,13.0,39.96,32.95203141845413,39.96160489684175,27.086363684704125,-1,PF(default),"[0.5152179002761841, 0.7186594009399414, 0.3459867238998413]",0.3494991876447907,0.13064276616222376,0.5158074773559038,0.42419252264409624,0.45419252264409615,0.0648709401779696,-0.049630507362911455,False,False,False,False,4c282cb5-57c0-41f0-84da-056568c48412
1,normal,127,90,continuous,resource_efficient,2,MTC,2.2527999999999997,3840.0,2816.0,268.6,1453.0,26.667,73.333,8.0,27.089999999999996,32.95203141845413,39.96160489684175,27.086363684704125,-1,PF(default),"[0.5152179002761841, 0.7186594009399414, 0.3459867238998413]",0.3494991876447907,0.13064276616222376,0.5158074773559038,0.42419252264409624,0.45419252264409615,0.0648709401779696,-0.049630507362911455,False,False,False,False,4c282cb5-57c0-41f0-84da-056568c48412
1,normal,127,91,continuous,resource_efficient,0,eMBB,13.4464,91680.0,16808.0,1355877.2,1561727.0,81.666,18.334000000000003,49.0,30.04,30.040979241829092,33.78132746212895,36.177693296041966,-1,PF(default),"[0.30536115169525146, 0.3352152407169342, 0.8405319452285767]",0.3290594280036522,0.1286267192338282,0.4831318307247554,0.45686816927524454,0.48686816927524446,0.09091329611337842,-0.07094122252405001,False,False,False,False,4c282cb5-57c0-41f0-84da-056568c48412
1,normal,127,91,continuous,resource_efficient,1,URLLC,0.624,1950.0,780.0,103.4,169.0,60.0,40.0,15.0,33.78,30.040979241829092,33.78132746212895,36.177693296041966,-1,PF(default),"[0.30536115169525146, 0.3352152407169342, 0.8405319452285767]",0.3290594280036522,0.1286267192338282,0.4831318307247554,0.45686816927524454,0.48686816927524446,0.09091329611337842,-0.07094122252405001,False,False,False,False,4c282cb5-57c0-41f0-84da-056568c48412
1,normal,127,91,continuous,resource_efficient,2,MTC,4.096,2560.0,5120.0,259.3,1453.0,20.0,80.0,4.0,36.18,30.040979241829092,33.78132746212895,36.177693296041966,-1,PF(default),"[0.30536115169525146, 0.3352152407169342, 0.8405319452285767]",0.3290594280036522,0.1286267192338282,0.4831318307247554,0.45686816927524454,0.48686816927524446,0.09091329611337842,-0.07094122252405001,False,False,False,False,4c282cb5-57c0-41f0-84da-056568c48412
1,normal,127,92,continuous,resource_efficient,0,eMBB,8.556799999999999,84040.0,10696.0,1369654.6,1580259.0,87.274,12.725999999999999,48.0,46.48,46.47504323997656,33.43006673660708,20.09489002341636,-1,PF(default),"[0.9204892516136169, 0.1231398731470108, -0.5633494853973389]",0.4119376541295137,0.12413511902470037,0.6543796307142994,0.28562036928570056,0.3156203692857006,0.1643406399814747,0.02723777023444602,False,False,False,False,4c282cb5-57c0-41f0-84da-056568c48412
1,normal,127,92,continuous,resource_efficient,1,URLLC,0.624,1950.0,780.0,185.4,497.0,60.0,40.0,15.0,33.43,46.47504323997656,33.43006673660708,20.09489002341636,-1,PF(default),"[0.9204892516136169, 0.1231398731470108, -0.5633494853973389]",0.4119376541295137,0.12413511902470037,0.6543796307142994,0.28562036928570056,0.3156203692857006,0.1643406399814747,0.02723777023444602,False,False,False,False,4c282cb5-57c0-41f0-84da-056568c48412
1,normal,127,92,continuous,resource_efficient,2,MTC,1.6384000000000003,3840.0,2048.0,318.8,1453.0,46.663999999999994,53.336000000000006,14.0,20.09,46.47504323997656,33.43006673660708,20.09489002341636,-1,PF(default),"[0.9204892516136169, 0.1231398731470108, -0.5633494853973389]",0.4119376541295137,0.12413511902470037,0.6543796307142994,0.28562036928570056,0.3156203692857006,0.1643406399814747,0.02723777023444602,False,False,False,False,4c282cb5-57c0-41f0-84da-056568c48412
1,normal,127,93,continuous,resource_efficient,0,eMBB,9.7792,91680.0,12224.0,1383546.6,1591447.0,86.666,13.334000000000003,52.0,23.75,23.745904655332907,42.53637578645512,33.717719558211975,-1,PF(default),"[-0.39645636081695557, 0.761272668838501, 0.6608294248580933]",0.267060790729504,0.12114545110679575,0.41801249597566503,0.5219875040243349,0.551987504024335,0.22729138584643643,-0.11832798148556366,False,False,False,False,4c282cb5-57c0-41f0-84da-056568c48412
1,normal,127,93,continuous,resource_efficient,1,URLLC,2.8704,1950.0,3588.0,201.8,497.0,40.0,60.0,10.0,42.54,23.745904655332907,42.53637578645512,33.717719558211975,-1,PF(default),"[-0.39645636081695557, 0.761272668838501, 0.6608294248580933]",0.267060790729504,0.12114545110679575,0.41801249597566503,0.5219875040243349,0.551987504024335,0.22729138584643643,-0.11832798148556366,False,False,False,False,4c282cb5-57c0-41f0-84da-056568c48412
1,normal,127,93,continuous,resource_efficient,2,MTC,2.4576,2560.0,3072.0,420.7,3053.0,20.0,80.0,4.0,33.720000000000006,23.745904655332907,42.53637578645512,33.717719558211975,-1,PF(default),"[-0.39645636081695557, 0.761272668838501, 0.6608294248580933]",0.267060790729504,0.12114545110679575,0.41801249597566503,0.5219875040243349,0.551987504024335,0.22729138584643643,-0.11832798148556366,False,False,False,False,4c282cb5-57c0-41f0-84da-056568c48412
1,normal,127,94,continuous,resource_efficient,0,eMBB,12.223999999999998,91680.0,15280.0,1397281.6,1603426.0,83.332,16.668000000000006,50.0,37.45,37.45367191292923,26.560766018122017,35.98556206894876,-1,PF(default),"[0.8359701037406921, -0.3173307478427887, 0.921746551990509]",0.3167366751641086,0.13600643214674232,0.5666533632288945,0.3733466367711056,0.4033466367711055,0.15975609768333104,-0.02279450051748142,False,False,False,False,4c282cb5-57c0-41f0-84da-056568c48412
1,normal,127,94,continuous,resource_efficient,1,URLLC,0.8735999999999999,1950.0,1092.0,596.8,1809.0,44.0,56.0,11.0,26.559999999999995,37.45367191292923,26.560766018122017,35.98556206894876,-1,PF(default),"[0.8359701037406921, -0.3173307478427887, 0.921746551990509]",0.3167366751641086,0.13600643214674232,0.5666533632288945,0.3733466367711056,0.4033466367711055,0.15975609768333104,-0.02279450051748142,False,False,False,False,4c282cb5-57c0-41f0-84da-056568c48412
1,normal,127,94,continuous,resource_efficient,2,MTC,1.6384000000000003,3840.0,2048.0,466.1,3428.0,46.663999999999994,53.336000000000006,14.0,35.99,37.45367191292923,26.560766018122017,35.98556206894876,-1,PF(default),"[0.8359701037406921, -0.3173307478427887, 0.921746551990509]",0.3167366751641086,0.13600643214674232,0.5666533632288945,0.3733466367711056,0.4033466367711055,0.15975609768333104,-0.02279450051748142,False,False,False,False,4c282cb5-57c0-41f0-84da-056568c48412
1,normal,127,95,continuous,resource_efficient,0,eMBB,12.224,84040.0,15280.0,1410869.0,1628060.0,81.82000000000001,18.179999999999993,45.0,31.78,31.780580210066795,37.15509570535582,31.064324084577393,-1,PF(default),"[0.2504139542579651, 0.3769831955432892, 0.4099079370498657]",0.28166168604234654,0.14354792036593947,0.5011968185519758,0.43880318144802416,0.46880318144802413,0.10594329687233803,-0.057869489639243515,False,False,False,False,4c282cb5-57c0-41f0-84da-056568c48412
1,normal,127,95,continuous,resource_efficient,1,URLLC,1.1232,1950.0,1404.0,596.8,1809.0,48.0,52.0,12.0,37.16,31.780580210066795,37.15509570535582,31.064324084577393,-1,PF(default),"[0.2504139542579651, 0.3769831955432892, 0.4099079370498657]",0.28166168604234654,0.14354792036593947,0.5011968185519758,0.43880318144802416,0.46880318144802413,0.10594329687233803,-0.057869489639243515,False,False,False,False,4c282cb5-57c0-41f0-84da-056568c48412
1,normal,127,95,continuous,resource_efficient,2,MTC,1.6384000000000003,2560.0,2048.0,459.0,3428.0,20.0,80.0,4.0,31.059999999999995,31.780580210066795,37.15509570535582,31.064324084577393,-1,PF(default),"[0.2504139542579651, 0.3769831955432892, 0.4099079370498657]",0.28166168604234654,0.14354792036593947,0.5011968185519758,0.43880318144802416,0.46880318144802413,0.10594329687233803,-0.057869489639243515,False,False,False,False,4c282cb5-57c0-41f0-84da-056568c48412
1,normal,127,96,continuous,resource_efficient,0,eMBB,8.556799999999999,91680.0,10696.0,1422025.8,1645746.0,88.334,11.665999999999997,53.0,28.389999999999997,28.38542654543861,40.75079523484321,30.863778219718192,-1,PF(default),"[-0.29009267687797546, 0.2811587154865265, 0.11241814494132996]",0.2557249613179362,0.11593688545003883,0.4638441915851368,0.47615580841486316,0.5061558084148632,0.03595699529487395,-0.08230395772365384,False,False,False,False,4c282cb5-57c0-41f0-84da-056568c48412
1,normal,127,96,continuous,resource_efficient,1,URLLC,1.4352,1950.0,1794.0,814.8,1809.0,32.0,68.0,8.0,40.75,28.38542654543861,40.75079523484321,30.863778219718192,-1,PF(default),"[-0.29009267687797546, 0.2811587154865265, 0.11241814494132996]",0.2557249613179362,0.11593688545003883,0.4638441915851368,0.47615580841486316,0.5061558084148632,0.03595699529487395,-0.08230395772365384,False,False,False,False,4c282cb5-57c0-41f0-84da-056568c48412
1,normal,127,96,continuous,resource_efficient,2,MTC,2.3552,3840.0,2944.0,137.0,137.0,23.333,76.667,7.0,30.860000000000007,28.38542654543861,40.75079523484321,30.863778219718192,-1,PF(default),"[-0.29009267687797546, 0.2811587154865265, 0.11241814494132996]",0.2557249613179362,0.11593688545003883,0.4638441915851368,0.47615580841486316,0.5061558084148632,0.03595699529487395,-0.08230395772365384,False,False,False,False,4c282cb5-57c0-41f0-84da-056568c48412
1,normal,127,97,continuous,resource_efficient,0,eMBB,11.0016,91680.0,13752.0,1443590.8,1663833.0,84.99799999999999,15.00200000000001,51.0,45.63,45.62818070613428,29.84767907691189,24.52414021695383,-1,PF(default),"[0.7309406399726868, -0.34784895181655884, -0.22014106810092926]",0.3291132457942513,0.1924502846652892,0.6358750430996704,0.30412495690032965,0.3341249569003296,0.17242754160695675,0.029393705712512236,False,False,False,False,4c282cb5-57c0-41f0-84da-056568c48412
1,normal,127,97,continuous,resource_efficient,1,URLLC,1.9968,1950.0,2496.0,1053.0,3063.0,20.0,80.0,5.0,29.85,45.62818070613428,29.84767907691189,24.52414021695383,-1,PF(default),"[0.7309406399726868, -0.34784895181655884, -0.22014106810092926]",0.3291132457942513,0.1924502846652892,0.6358750430996704,0.30412495690032965,0.3341249569003296,0.17242754160695675,0.029393705712512236,False,False,False,False,4c282cb5-57c0-41f0-84da-056568c48412
1,normal,127,97,continuous,resource_efficient,2,MTC,2.048,2560.0,2560.0,133.6,269.0,30.0,70.0,6.0,24.520000000000003,45.62818070613428,29.84767907691189,24.52414021695383,-1,PF(default),"[0.7309406399726868, -0.34784895181655884, -0.22014106810092926]",0.3291132457942513,0.1924502846652892,0.6358750430996704,0.30412495690032965,0.3341249569003296,0.17242754160695675,0.029393705712512236,False,False,False,False,4c282cb5-57c0-41f0-84da-056568c48412
1,normal,127,98,continuous,resource_efficient,0,eMBB,8.556799999999999,84040.0,10696.0,1457599.8,1678621.0,87.274,12.725999999999999,48.0,29.910000000000004,29.911213855129148,41.92559752191693,28.16318862295392,-1,PF(default),"[0.47749149799346924, 0.9814345240592957, 0.590309739112854]",0.279640941720659,0.10704105729094962,0.48579218361456455,0.4542078163854354,0.4842078163854354,0.15716966851005132,-0.07697496179857391,False,False,False,False,4c282cb5-57c0-41f0-84da-056568c48412
1,normal,127,98,continuous,resource_efficient,1,URLLC,1.1232,1950.0,1404.0,322.2,1263.0,40.0,60.0,10.0,41.93,29.911213855129148,41.92559752191693,28.16318862295392,-1,PF(default),"[0.47749149799346924, 0.9814345240592957, 0.590309739112854]",0.279640941720659,0.10704105729094962,0.48579218361456455,0.4542078163854354,0.4842078163854354,0.15716966851005132,-0.07697496179857391,False,False,False,False,4c282cb5-57c0-41f0-84da-056568c48412
1,normal,127,98,continuous,resource_efficient,2,MTC,1.5360000000000003,3840.0,1920.0,155.8,401.0,49.998,50.002,15.0,28.160000000000004,29.911213855129148,41.92559752191693,28.16318862295392,-1,PF(default),"[0.47749149799346924, 0.9814345240592957, 0.590309739112854]",0.279640941720659,0.10704105729094962,0.48579218361456455,0.4542078163854354,0.4842078163854354,0.15716966851005132,-0.07697496179857391,False,False,False,False,4c282cb5-57c0-41f0-84da-056568c48412
1,normal,127,99,continuous,resource_efficient,0,eMBB,7.3344,91680.0,9168.0,1465023.8,1678621.0,90.0,10.0,54.0,37.15,37.149969287953695,39.79381602947703,23.05621468256928,-1,PF(default),"[0.8956601023674011, 0.8613382577896118, 0.15027926862239838]",0.32370154288837094,0.11318698324540041,0.5508360244607837,0.38916397553921633,0.41916397553921636,0.07238755432824544,-0.032480366390861964,False,False,False,False,4c282cb5-57c0-41f0-84da-056568c48412
1,normal,127,99,continuous,resource_efficient,1,URLLC,0.7488,1950.0,936.0,338.6,1263.0,52.0,48.0,13.0,39.79,37.149969287953695,39.79381602947703,23.05621468256928,-1,PF(default),"[0.8956601023674011, 0.8613382577896118, 0.15027926862239838]",0.32370154288837094,0.11318698324540041,0.5508360244607837,0.38916397553921633,0.41916397553921636,0.07238755432824544,-0.032480366390861964,False,False,False,False,4c282cb5-57c0-41f0-84da-056568c48412
1,normal,127,99,continuous,resource_efficient,2,MTC,2.1504,2560.0,2688.0,132.0,137.0,30.0,70.0,6.0,23.06,37.149969287953695,39.79381602947703,23.05621468256928,-1,PF(default),"[0.8956601023674011, 0.8613382577896118, 0.15027926862239838]",0.32370154288837094,0.11318698324540041,0.5508360244607837,0.38916397553921633,0.41916397553921636,0.07238755432824544,-0.032480366390861964,False,False,False,False,4c282cb5-57c0-41f0-84da-056568c48412
1,normal,127,100,continuous,resource_efficient,0,eMBB,15.891200000000001,91680.0,19864.0,1489446.4,1715961.0,78.334,21.665999999999997,47.0,22.99,22.99029514568027,52.66732683700931,24.342378017310413,-1,PF(default),"[-0.805279552936554, 0.8365391492843628, -0.25127047300338745]",0.0,0.1187402112783322,0.4198390652487707,0.5201609347512293,0.5501609347512294,0.14159674142273418,0.0,False,True,False,True,4c282cb5-57c0-41f0-84da-056568c48412
1,normal,127,100,continuous,resource_efficient,1,URLLC,0.9984,1950.0,1248.0,387.6,1508.0,40.0,60.0,10.0,52.67,22.99029514568027,52.66732683700931,24.342378017310413,-1,PF(default),"[-0.805279552936554, 0.8365391492843628, -0.25127047300338745]",0.0,0.1187402112783322,0.4198390652487707,0.5201609347512293,0.5501609347512294,0.14159674142273418,0.0,False,False,False,True,4c282cb5-57c0-41f0-84da-056568c48412
1,normal,127,100,continuous,resource_efficient,2,MTC,1.4336000000000002,3840.0,1792.0,145.2,269.0,53.330999999999996,46.669000000000004,16.0,24.34,22.99029514568027,52.66732683700931,24.342378017310413,-1,PF(default),"[-0.805279552936554, 0.8365391492843628, -0.25127047300338745]",0.0,0.1187402112783322,0.4198390652487707,0.5201609347512293,0.5501609347512294,0.14159674142273418,0.0,False,False,False,True,4c282cb5-57c0-41f0-84da-056568c48412
