seed,scenario,episode,step,algo_mode,reward_mode,slice_id,slice,throughput_mbps,dTxBytes,dRxBytes,bufferBytes_mean,bufferBytes_max,plr_pct,pdr_pct,dLostPackets,resourceSharePct,action_embb,action_urllc,action_mtc,scheduler_id,scheduler_name,raw_action,reward,resource_efficiency,need_allocation_match,over_allocation,under_allocation,action_smoothness_penalty,resource_efficient_shaping,outage_flag,soft_flag,terminated,truncated,sim_id
3,low_traffic,67,1,discrete,resource_efficient,0,eMBB,0.0,70288.0,0.0,3069.0,3069.0,100.0,0.0,46.0,36.67,36.665000000000006,25.0,38.334999999999994,0,RR(cost=1.0),[117],1.4194498152366195,0.009810772603748378,0.6715876108679212,0.26841238913207877,0.2984123891320789,0.0,0.02291472104150241,False,False,False,False,75287fd2-86dd-49b1-a1ab-8a4444b6999f
3,low_traffic,67,1,discrete,resource_efficient,1,URLLC,0.1248,1872.0,156.0,87.0,87.0,91.66499999999999,8.335000000000008,22.0,25.0,36.665000000000006,25.0,38.334999999999994,0,RR(cost=1.0),[117],1.4194498152366195,0.009810772603748378,0.6715876108679212,0.26841238913207877,0.2984123891320789,0.0,0.02291472104150241,False,False,False,False,75287fd2-86dd-49b1-a1ab-8a4444b6999f
3,low_traffic,67,1,discrete,resource_efficient,2,MTC,0.0,1536.0,0.0,0.0,0.0,100.0,0.0,12.0,38.32999999999999,36.665000000000006,25.0,38.334999999999994,0,RR(cost=1.0),[117],1.4194498152366195,0.009810772603748378,0.6715876108679212,0.26841238913207877,0.2984123891320789,0.0,0.02291472104150241,False,False,False,False,75287fd2-86dd-49b1-a1ab-8a4444b6999f
3,low_traffic,67,2,discrete,resource_efficient,0,eMBB,11.0016,70288.0,13752.0,73276.0,81644.0,80.435,19.564999999999998,37.0,36.67,36.665000000000006,25.0,38.334999999999994,0,RR(cost=1.0),[117],1.4253472358716786,0.23302967423993318,0.6412399871617832,0.29876001283821674,0.3287600128382169,0.0,0.049349927145056566,False,False,False,False,75287fd2-86dd-49b1-a1ab-8a4444b6999f
3,low_traffic,67,2,discrete,resource_efficient,1,URLLC,1.1232,2028.0,1404.0,526.5,966.0,50.0,50.0,13.0,25.0,36.665000000000006,25.0,38.334999999999994,0,RR(cost=1.0),[117],1.4253472358716786,0.23302967423993318,0.6412399871617832,0.29876001283821674,0.3287600128382169,0.0,0.049349927145056566,False,False,False,False,75287fd2-86dd-49b1-a1ab-8a4444b6999f
3,low_traffic,67,2,discrete,resource_efficient,2,MTC,2.048,1536.0,2560.0,623.0,623.0,33.333333333333336,66.66666666666666,4.0,38.32999999999999,36.665000000000006,25.0,38.334999999999994,0,RR(cost=1.0),[117],1.4253472358716786,0.23302967423993318,0.6412399871617832,0.29876001283821674,0.3287600128382169,0.0,0.049349927145056566,False,False,False,False,75287fd2-86dd-49b1-a1ab-8a4444b6999f
3,low_traffic,67,3,discrete,resource_efficient,0,eMBB,15.8912,70288.0,19864.0,73276.0,81644.0,71.74,28.260000000000005,33.0,26.66,26.665,30.000000000000004,43.335,0,RR(cost=1.0),[69],1.378423620160228,0.16106713246260276,0.5873123833462537,0.3526876166537463,0.3826876166537463,0.10000000000000012,-0.002399143499727212,False,False,False,False,75287fd2-86dd-49b1-a1ab-8a4444b6999f
3,low_traffic,67,3,discrete,resource_efficient,1,URLLC,0.7488,1872.0,936.0,526.5,966.0,50.0,50.0,12.0,30.0,26.665,30.000000000000004,43.335,0,RR(cost=1.0),[69],1.378423620160228,0.16106713246260276,0.5873123833462537,0.3526876166537463,0.3826876166537463,0.10000000000000012,-0.002399143499727212,False,False,False,False,75287fd2-86dd-49b1-a1ab-8a4444b6999f
3,low_traffic,67,3,discrete,resource_efficient,2,MTC,0.0,1536.0,0.0,623.0,623.0,100.0,0.0,12.0,43.34,26.665,30.000000000000004,43.335,0,RR(cost=1.0),[69],1.378423620160228,0.16106713246260276,0.5873123833462537,0.3526876166537463,0.3826876166537463,0.10000000000000012,-0.002399143499727212,False,False,False,False,75287fd2-86dd-49b1-a1ab-8a4444b6999f
3,low_traffic,67,4,discrete,resource_efficient,0,eMBB,0.0,70288.0,0.0,73276.0,81644.0,100.0,0.0,46.0,26.66,26.665,30.000000000000004,43.335,0,RR(cost=1.0),[69],1.305114733652529,0.0,0.5399118219876229,0.40008817801237717,0.4300881780123772,0.0,-0.058052906807426294,False,False,False,False,75287fd2-86dd-49b1-a1ab-8a4444b6999f
3,low_traffic,67,4,discrete,resource_efficient,1,URLLC,0.0,2028.0,0.0,526.5,966.0,100.0,0.0,26.0,30.0,26.665,30.000000000000004,43.335,0,RR(cost=1.0),[69],1.305114733652529,0.0,0.5399118219876229,0.40008817801237717,0.4300881780123772,0.0,-0.058052906807426294,False,False,False,False,75287fd2-86dd-49b1-a1ab-8a4444b6999f
3,low_traffic,67,4,discrete,resource_efficient,2,MTC,0.0,1536.0,0.0,623.0,623.0,100.0,0.0,12.0,43.34,26.665,30.000000000000004,43.335,0,RR(cost=1.0),[69],1.305114733652529,0.0,0.5399118219876229,0.40008817801237717,0.4300881780123772,0.0,-0.058052906807426294,False,False,False,False,75287fd2-86dd-49b1-a1ab-8a4444b6999f
3,low_traffic,67,5,discrete,resource_efficient,0,eMBB,20.7808,70288.0,25976.0,140814.5,160338.0,63.045,36.955,29.0,46.66,46.665,20.0,33.335,1,PF(cost=2.0),[154],0.0,0.3201719112513805,0.7221850614016829,0.21781493859831716,0.24781493859831707,0.2,0.0,False,True,False,False,75287fd2-86dd-49b1-a1ab-8a4444b6999f
3,low_traffic,67,5,discrete,resource_efficient,1,URLLC,0.6864,1872.0,858.0,1314.0,2005.0,54.165,45.835,13.0,20.0,46.665,20.0,33.335,1,PF(cost=2.0),[154],0.0,0.3201719112513805,0.7221850614016829,0.21781493859831716,0.24781493859831707,0.2,0.0,False,False,False,False,75287fd2-86dd-49b1-a1ab-8a4444b6999f
3,low_traffic,67,5,discrete,resource_efficient,2,MTC,2.048,1536.0,2560.0,665.0,665.0,33.333333333333336,66.66666666666666,4.0,33.34,46.665,20.0,33.335,1,PF(cost=2.0),[154],0.0,0.3201719112513805,0.7221850614016829,0.21781493859831716,0.24781493859831707,0.2,0.0,False,False,False,False,75287fd2-86dd-49b1-a1ab-8a4444b6999f
3,low_traffic,67,6,discrete,resource_efficient,0,eMBB,0.0,70288.0,0.0,164173.0,168008.0,100.0,0.0,46.0,21.66,21.665,20.0,58.335,0,RR(cost=1.0),[33],1.1749481005310645,0.0,0.46763604737436115,0.47236395262563885,0.5023639526256388,0.25,-0.1139183715753833,False,False,False,False,75287fd2-86dd-49b1-a1ab-8a4444b6999f
3,low_traffic,67,6,discrete,resource_efficient,1,URLLC,0.0,2028.0,0.0,2450.0,3255.0,100.0,0.0,26.0,20.0,21.665,20.0,58.335,0,RR(cost=1.0),[33],1.1749481005310645,0.0,0.46763604737436115,0.47236395262563885,0.5023639526256388,0.25,-0.1139183715753833,False,False,False,False,75287fd2-86dd-49b1-a1ab-8a4444b6999f
3,low_traffic,67,6,discrete,resource_efficient,2,MTC,0.0,1536.0,0.0,555.0,665.0,100.0,0.0,12.0,58.34000000000001,21.665,20.0,58.335,0,RR(cost=1.0),[33],1.1749481005310645,0.0,0.46763604737436115,0.47236395262563885,0.5023639526256388,0.25,-0.1139183715753833,False,False,False,False,75287fd2-86dd-49b1-a1ab-8a4444b6999f
3,low_traffic,67,7,discrete,resource_efficient,0,eMBB,8.5568,70288.0,10696.0,212147.0,237418.0,84.785,15.215000000000003,39.0,41.66,41.665,35.0,23.335,0,RR(cost=1.0),[144],1.4060973575752287,0.21576977891659618,0.6368084250012105,0.3031915749987895,0.3331915749987896,0.35,0.02573901078404552,False,False,False,False,75287fd2-86dd-49b1-a1ab-8a4444b6999f
3,low_traffic,67,7,discrete,resource_efficient,1,URLLC,2.2464,1872.0,2808.0,530.0,773.0,50.0,50.0,12.0,35.0,41.665,35.0,23.335,0,RR(cost=1.0),[144],1.4060973575752287,0.21576977891659618,0.6368084250012105,0.3031915749987895,0.3331915749987896,0.35,0.02573901078404552,False,False,False,False,75287fd2-86dd-49b1-a1ab-8a4444b6999f
3,low_traffic,67,7,discrete,resource_efficient,2,MTC,2.048,1536.0,2560.0,91.33333333333333,163.0,33.333333333333336,66.66666666666666,4.0,23.34,41.665,35.0,23.335,0,RR(cost=1.0),[144],1.4060973575752287,0.21576977891659618,0.6368084250012105,0.3031915749987895,0.3331915749987896,0.35,0.02573901078404552,False,False,False,False,75287fd2-86dd-49b1-a1ab-8a4444b6999f
3,low_traffic,67,8,discrete,resource_efficient,0,eMBB,33.0048,70288.0,41256.0,222443.5,261490.0,50.0,50.0,23.0,31.66,31.665,20.0,48.334999999999994,1,PF(cost=2.0),[91],0.0,0.3071361699559757,0.5727235918427203,0.36727640815727974,0.3972764081572798,0.24999999999999994,0.0,False,True,False,False,75287fd2-86dd-49b1-a1ab-8a4444b6999f
3,low_traffic,67,8,discrete,resource_efficient,1,URLLC,0.1248,2028.0,156.0,139.0,251.0,92.31,7.689999999999998,24.0,20.0,31.665,20.0,48.334999999999994,1,PF(cost=2.0),[91],0.0,0.3071361699559757,0.5727235918427203,0.36727640815727974,0.3972764081572798,0.24999999999999994,0.0,False,False,False,False,75287fd2-86dd-49b1-a1ab-8a4444b6999f
3,low_traffic,67,8,discrete,resource_efficient,2,MTC,1.2288,1536.0,1536.0,98.0,137.0,33.333333333333336,66.66666666666666,4.0,48.32999999999999,31.665,20.0,48.334999999999994,1,PF(cost=2.0),[91],0.0,0.3071361699559757,0.5727235918427203,0.36727640815727974,0.3972764081572798,0.24999999999999994,0.0,False,False,False,False,75287fd2-86dd-49b1-a1ab-8a4444b6999f
3,low_traffic,67,9,discrete,resource_efficient,0,eMBB,15.8912,70288.0,19864.0,254752.5,312515.0,71.74,28.260000000000005,33.0,16.67,16.665000000000003,70.0,13.335000000000003,0,RR(cost=1.0),[30],0.0,0.12152306893667922,0.3998127542444644,0.5401872457555356,0.5701872457555357,0.4999999999999999,0.0,False,True,False,False,75287fd2-86dd-49b1-a1ab-8a4444b6999f
3,low_traffic,67,9,discrete,resource_efficient,1,URLLC,0.312,1872.0,390.0,169.0,251.0,79.16499999999999,20.835000000000008,19.0,70.0,16.665000000000003,70.0,13.335000000000003,0,RR(cost=1.0),[30],0.0,0.12152306893667922,0.3998127542444644,0.5401872457555356,0.5701872457555357,0.4999999999999999,0.0,False,False,False,False,75287fd2-86dd-49b1-a1ab-8a4444b6999f
3,low_traffic,67,9,discrete,resource_efficient,2,MTC,0.8192,1536.0,1024.0,97.33333333333333,125.0,33.333333333333336,66.66666666666666,4.0,13.340000000000002,16.665000000000003,70.0,13.335000000000003,0,RR(cost=1.0),[30],0.0,0.12152306893667922,0.3998127542444644,0.5401872457555356,0.5701872457555357,0.4999999999999999,0.0,False,False,False,False,75287fd2-86dd-49b1-a1ab-8a4444b6999f
3,low_traffic,67,10,discrete,resource_efficient,0,eMBB,48.896,70288.0,61120.0,244411.0,332285.0,50.0,50.0,23.0,56.66,56.665,20.0,23.335,1,PF(cost=2.0),[181],0.0,0.5782251487499547,0.8145079877895383,0.12549201221046172,0.15549201221046174,0.49999999999999994,0.0,False,True,False,False,75287fd2-86dd-49b1-a1ab-8a4444b6999f
3,low_traffic,67,10,discrete,resource_efficient,1,URLLC,0.0,2028.0,0.0,251.0,415.0,100.0,0.0,26.0,20.0,56.665,20.0,23.335,1,PF(cost=2.0),[181],0.0,0.5782251487499547,0.8145079877895383,0.12549201221046172,0.15549201221046174,0.49999999999999994,0.0,False,False,False,False,75287fd2-86dd-49b1-a1ab-8a4444b6999f
3,low_traffic,67,10,discrete,resource_efficient,2,MTC,0.8192,1536.0,1024.0,120.66666666666667,137.0,33.333333333333336,66.66666666666666,4.0,23.34,56.665,20.0,23.335,1,PF(cost=2.0),[181],0.0,0.5782251487499547,0.8145079877895383,0.12549201221046172,0.15549201221046174,0.49999999999999994,0.0,False,False,False,False,75287fd2-86dd-49b1-a1ab-8a4444b6999f
3,low_traffic,67,11,discrete,resource_efficient,0,eMBB,94.1248,67232.0,117656.0,232445.5,382533.0,50.0,50.0,22.0,31.66,31.665,20.0,48.334999999999994,1,PF(cost=2.0),[91],0.0,0.4530579487799006,0.5544174724683928,0.38558252753160716,0.4155825275316072,0.24999999999999997,0.0,False,True,False,False,75287fd2-86dd-49b1-a1ab-8a4444b6999f
3,low_traffic,67,11,discrete,resource_efficient,1,URLLC,0.0,1872.0,0.0,552.5,743.0,100.0,0.0,24.0,20.0,31.665,20.0,48.334999999999994,1,PF(cost=2.0),[91],0.0,0.4530579487799006,0.5544174724683928,0.38558252753160716,0.4155825275316072,0.24999999999999997,0.0,False,False,False,False,75287fd2-86dd-49b1-a1ab-8a4444b6999f
3,low_traffic,67,11,discrete,resource_efficient,2,MTC,0.8192,1536.0,1024.0,137.0,137.0,33.333333333333336,66.66666666666666,4.0,48.32999999999999,31.665,20.0,48.334999999999994,1,PF(cost=2.0),[91],0.0,0.4530579487799006,0.5544174724683928,0.38558252753160716,0.4155825275316072,0.24999999999999997,0.0,False,False,False,False,75287fd2-86dd-49b1-a1ab-8a4444b6999f
3,low_traffic,67,12,discrete,resource_efficient,0,eMBB,41.5616,70288.0,51952.0,237552.5,403926.0,50.0,50.0,23.0,16.67,16.665000000000003,70.0,13.335000000000003,0,RR(cost=1.0),[30],0.0,0.2507181938180681,0.421060138171509,0.518939861828491,0.5489398618284911,0.4999999999999999,0.0,False,True,False,False,75287fd2-86dd-49b1-a1ab-8a4444b6999f
3,low_traffic,67,12,discrete,resource_efficient,1,URLLC,0.0,2028.0,0.0,355.0,459.0,100.0,0.0,26.0,70.0,16.665000000000003,70.0,13.335000000000003,0,RR(cost=1.0),[30],0.0,0.2507181938180681,0.421060138171509,0.518939861828491,0.5489398618284911,0.4999999999999999,0.0,False,False,False,False,75287fd2-86dd-49b1-a1ab-8a4444b6999f
3,low_traffic,67,12,discrete,resource_efficient,2,MTC,0.8192,2304.0,1024.0,122.5,137.0,55.55333333333332,44.44666666666668,10.0,13.340000000000002,16.665000000000003,70.0,13.335000000000003,0,RR(cost=1.0),[30],0.0,0.2507181938180681,0.421060138171509,0.518939861828491,0.5489398618284911,0.4999999999999999,0.0,False,False,False,False,75287fd2-86dd-49b1-a1ab-8a4444b6999f
3,low_traffic,67,13,discrete,resource_efficient,0,eMBB,79.456,70288.0,99320.0,224227.0,437513.0,50.0,50.0,23.0,56.66,56.665,20.0,23.335,1,PF(cost=2.0),[181],0.0,0.6563740041556838,0.7975419155407135,0.14245808445928654,0.17245808445928648,0.49999999999999994,0.0,False,True,False,False,75287fd2-86dd-49b1-a1ab-8a4444b6999f
3,low_traffic,67,13,discrete,resource_efficient,1,URLLC,0.0,1872.0,0.0,554.0,857.0,100.0,0.0,24.0,20.0,56.665,20.0,23.335,1,PF(cost=2.0),[181],0.0,0.6563740041556838,0.7975419155407135,0.14245808445928654,0.17245808445928648,0.49999999999999994,0.0,False,False,False,False,75287fd2-86dd-49b1-a1ab-8a4444b6999f
3,low_traffic,67,13,discrete,resource_efficient,2,MTC,0.8192,1536.0,1024.0,122.5,137.0,33.333333333333336,66.66666666666666,4.0,23.34,56.665,20.0,23.335,1,PF(cost=2.0),[181],0.0,0.6563740041556838,0.7975419155407135,0.14245808445928654,0.17245808445928648,0.49999999999999994,0.0,False,False,False,False,75287fd2-86dd-49b1-a1ab-8a4444b6999f
3,low_traffic,67,14,discrete,resource_efficient,0,eMBB,33.0048,70288.0,41256.0,228173.0,454809.0,50.0,50.0,23.0,31.66,31.665,20.0,48.334999999999994,1,PF(cost=2.0),[91],0.0,0.27680463301629227,0.5481527335595857,0.3918472664404144,0.42184726644041426,0.24999999999999997,0.0,False,True,False,False,75287fd2-86dd-49b1-a1ab-8a4444b6999f
3,low_traffic,67,14,discrete,resource_efficient,1,URLLC,0.0,2028.0,0.0,128.0,169.0,100.0,0.0,26.0,20.0,31.665,20.0,48.334999999999994,1,PF(cost=2.0),[91],0.0,0.27680463301629227,0.5481527335595857,0.3918472664404144,0.42184726644041426,0.24999999999999997,0.0,False,False,False,False,75287fd2-86dd-49b1-a1ab-8a4444b6999f
3,low_traffic,67,14,discrete,resource_efficient,2,MTC,0.8192,1536.0,1024.0,166.5,401.0,33.333333333333336,66.66666666666666,4.0,48.32999999999999,31.665,20.0,48.334999999999994,1,PF(cost=2.0),[91],0.0,0.27680463301629227,0.5481527335595857,0.3918472664404144,0.42184726644041426,0.24999999999999997,0.0,False,False,False,False,75287fd2-86dd-49b1-a1ab-8a4444b6999f
3,low_traffic,67,15,discrete,resource_efficient,0,eMBB,28.1152,70288.0,35144.0,252128.5,502720.0,50.0,50.0,23.0,16.67,16.665000000000003,70.0,13.335000000000003,0,RR(cost=1.0),[30],0.0,0.17254281102401153,0.3913461241676617,0.5486538758323383,0.5786538758323383,0.4999999999999999,0.0,False,True,False,False,75287fd2-86dd-49b1-a1ab-8a4444b6999f
3,low_traffic,67,15,discrete,resource_efficient,1,URLLC,0.0,1872.0,0.0,456.0,743.0,100.0,0.0,24.0,70.0,16.665000000000003,70.0,13.335000000000003,0,RR(cost=1.0),[30],0.0,0.17254281102401153,0.3913461241676617,0.5486538758323383,0.5786538758323383,0.4999999999999999,0.0,False,False,False,False,75287fd2-86dd-49b1-a1ab-8a4444b6999f
3,low_traffic,67,15,discrete,resource_efficient,2,MTC,0.8192,1536.0,1024.0,166.5,401.0,33.333333333333336,66.66666666666666,4.0,13.340000000000002,16.665000000000003,70.0,13.335000000000003,0,RR(cost=1.0),[30],0.0,0.17254281102401153,0.3913461241676617,0.5486538758323383,0.5786538758323383,0.4999999999999999,0.0,False,False,False,False,75287fd2-86dd-49b1-a1ab-8a4444b6999f
3,low_traffic,67,16,discrete,resource_efficient,0,eMBB,28.1152,70288.0,35144.0,267436.0,533335.0,50.0,50.0,23.0,51.66,51.66499999999999,20.0,28.335,1,PF(cost=2.0),[169],0.0,0.32653944465739887,0.7412790736833808,0.19872092631661914,0.22872092631661925,0.4999999999999999,0.0,False,True,False,False,75287fd2-86dd-49b1-a1ab-8a4444b6999f
3,low_traffic,67,16,discrete,resource_efficient,1,URLLC,0.0,2028.0,0.0,251.0,415.0,100.0,0.0,26.0,20.0,51.66499999999999,20.0,28.335,1,PF(cost=2.0),[169],0.0,0.32653944465739887,0.7412790736833808,0.19872092631661914,0.22872092631661925,0.4999999999999999,0.0,False,False,False,False,75287fd2-86dd-49b1-a1ab-8a4444b6999f
3,low_traffic,67,16,discrete,resource_efficient,2,MTC,0.8192,1536.0,1024.0,166.5,401.0,33.333333333333336,66.66666666666666,4.0,28.34,51.66499999999999,20.0,28.335,1,PF(cost=2.0),[169],0.0,0.32653944465739887,0.7412790736833808,0.19872092631661914,0.22872092631661925,0.4999999999999999,0.0,False,False,False,False,75287fd2-86dd-49b1-a1ab-8a4444b6999f
3,low_traffic,67,17,discrete,resource_efficient,0,eMBB,28.1152,70288.0,35144.0,281707.5,560346.0,50.0,50.0,23.0,51.66,51.66499999999999,20.0,28.335,1,PF(cost=2.0),[169],0.0,0.3260443575671679,0.7359060774340516,0.2040939225659483,0.23409392256594844,0.0,0.0,False,True,False,False,75287fd2-86dd-49b1-a1ab-8a4444b6999f
3,low_traffic,67,17,discrete,resource_efficient,1,URLLC,0.0,1872.0,0.0,171.5,251.0,100.0,0.0,24.0,20.0,51.66499999999999,20.0,28.335,1,PF(cost=2.0),[169],0.0,0.3260443575671679,0.7359060774340516,0.2040939225659483,0.23409392256594844,0.0,0.0,False,False,False,False,75287fd2-86dd-49b1-a1ab-8a4444b6999f
3,low_traffic,67,17,discrete,resource_efficient,2,MTC,0.8192,1536.0,1024.0,188.5,533.0,33.333333333333336,66.66666666666666,4.0,28.34,51.66499999999999,20.0,28.335,1,PF(cost=2.0),[169],0.0,0.3260443575671679,0.7359060774340516,0.2040939225659483,0.23409392256594844,0.0,0.0,False,False,False,False,75287fd2-86dd-49b1-a1ab-8a4444b6999f
3,low_traffic,67,18,discrete,resource_efficient,0,eMBB,24.448,70288.0,30560.0,295913.5,590290.0,56.519999999999996,43.480000000000004,26.0,51.66,51.66499999999999,20.0,28.335,1,PF(cost=2.0),[169],0.0,0.2881921739086152,0.7375836030385218,0.20241639696147823,0.23241639696147823,0.0,0.0,False,True,False,False,75287fd2-86dd-49b1-a1ab-8a4444b6999f
3,low_traffic,67,18,discrete,resource_efficient,1,URLLC,0.0,2028.0,0.0,579.0,1071.0,100.0,0.0,26.0,20.0,51.66499999999999,20.0,28.335,1,PF(cost=2.0),[169],0.0,0.2881921739086152,0.7375836030385218,0.20241639696147823,0.23241639696147823,0.0,0.0,False,False,False,False,75287fd2-86dd-49b1-a1ab-8a4444b6999f
3,low_traffic,67,18,discrete,resource_efficient,2,MTC,0.8192,1536.0,1024.0,144.5,269.0,33.333333333333336,66.66666666666666,4.0,28.34,51.66499999999999,20.0,28.335,1,PF(cost=2.0),[169],0.0,0.2881921739086152,0.7375836030385218,0.20241639696147823,0.23241639696147823,0.0,0.0,False,False,False,False,75287fd2-86dd-49b1-a1ab-8a4444b6999f
3,low_traffic,67,19,discrete,resource_efficient,0,eMBB,29.3376,70288.0,36672.0,311768.0,617863.0,50.0,50.0,23.0,16.66,16.665,45.0,38.334999999999994,0,RR(cost=1.0),[15],0.0,0.21550137573991324,0.3648807393637278,0.5751192606362721,0.6051192606362723,0.35,0.0,False,True,False,False,75287fd2-86dd-49b1-a1ab-8a4444b6999f
3,low_traffic,67,19,discrete,resource_efficient,1,URLLC,3.6816,1872.0,4602.0,228.0,333.0,50.0,50.0,12.0,45.0,16.665,45.0,38.334999999999994,0,RR(cost=1.0),[15],0.0,0.21550137573991324,0.3648807393637278,0.5751192606362721,0.6051192606362723,0.35,0.0,False,False,False,False,75287fd2-86dd-49b1-a1ab-8a4444b6999f
3,low_traffic,67,19,discrete,resource_efficient,2,MTC,0.8192,1536.0,1024.0,123.33333333333333,142.0,33.333333333333336,66.66666666666666,4.0,38.32999999999999,16.665,45.0,38.334999999999994,0,RR(cost=1.0),[15],0.0,0.21550137573991324,0.3648807393637278,0.5751192606362721,0.6051192606362723,0.35,0.0,False,False,False,False,75287fd2-86dd-49b1-a1ab-8a4444b6999f
3,low_traffic,67,20,discrete,resource_efficient,0,eMBB,26.8928,70288.0,33616.0,326586.5,645319.0,52.175,47.825,24.0,16.67,16.665000000000003,70.0,13.335000000000003,0,RR(cost=1.0),[30],0.0,0.17447974757116672,0.38468377917423935,0.5553162208257606,0.5853162208257607,0.24999999999999994,0.0,False,True,False,False,75287fd2-86dd-49b1-a1ab-8a4444b6999f
3,low_traffic,67,20,discrete,resource_efficient,1,URLLC,0.0,2028.0,0.0,128.0,169.0,100.0,0.0,26.0,70.0,16.665000000000003,70.0,13.335000000000003,0,RR(cost=1.0),[30],0.0,0.17447974757116672,0.38468377917423935,0.5553162208257606,0.5853162208257607,0.24999999999999994,0.0,False,False,False,False,75287fd2-86dd-49b1-a1ab-8a4444b6999f
3,low_traffic,67,20,discrete,resource_efficient,2,MTC,1.2288,1536.0,1536.0,467.0,2117.0,33.333333333333336,66.66666666666666,4.0,13.340000000000002,16.665000000000003,70.0,13.335000000000003,0,RR(cost=1.0),[30],0.0,0.17447974757116672,0.38468377917423935,0.5553162208257606,0.5853162208257607,0.24999999999999994,0.0,False,False,False,False,75287fd2-86dd-49b1-a1ab-8a4444b6999f
3,low_traffic,67,21,discrete,resource_efficient,0,eMBB,31.7824,70288.0,39728.0,340194.5,678852.0,50.0,50.0,23.0,51.66,51.66499999999999,20.0,28.335,1,PF(cost=2.0),[169],0.0,0.3619408864306681,0.7281311413868429,0.21186885861315707,0.24186885861315713,0.4999999999999999,0.0,False,True,False,False,75287fd2-86dd-49b1-a1ab-8a4444b6999f
3,low_traffic,67,21,discrete,resource_efficient,1,URLLC,0.0,1872.0,0.0,128.0,169.0,100.0,0.0,24.0,20.0,51.66499999999999,20.0,28.335,1,PF(cost=2.0),[169],0.0,0.3619408864306681,0.7281311413868429,0.21186885861315707,0.24186885861315713,0.4999999999999999,0.0,False,False,False,False,75287fd2-86dd-49b1-a1ab-8a4444b6999f
3,low_traffic,67,21,discrete,resource_efficient,2,MTC,0.8192,1536.0,1024.0,181.0,401.0,33.333333333333336,66.66666666666666,4.0,28.34,51.66499999999999,20.0,28.335,1,PF(cost=2.0),[169],0.0,0.3619408864306681,0.7281311413868429,0.21186885861315707,0.24186885861315713,0.4999999999999999,0.0,False,False,False,False,75287fd2-86dd-49b1-a1ab-8a4444b6999f
3,low_traffic,67,22,discrete,resource_efficient,0,eMBB,25.6704,70288.0,32088.0,349525.0,695715.0,54.35,45.65,25.0,16.66,16.665,45.0,38.334999999999994,0,RR(cost=1.0),[15],0.0,0.15583630185319022,0.37980019780385343,0.5601998021961465,0.5901998021961467,0.35,0.0,False,True,False,False,75287fd2-86dd-49b1-a1ab-8a4444b6999f
3,low_traffic,67,22,discrete,resource_efficient,1,URLLC,0.0,2028.0,0.0,209.5,332.0,100.0,0.0,26.0,45.0,16.665,45.0,38.334999999999994,0,RR(cost=1.0),[15],0.0,0.15583630185319022,0.37980019780385343,0.5601998021961465,0.5901998021961467,0.35,0.0,False,False,False,False,75287fd2-86dd-49b1-a1ab-8a4444b6999f
3,low_traffic,67,22,discrete,resource_efficient,2,MTC,0.8192,1536.0,1024.0,159.0,269.0,33.333333333333336,66.66666666666666,4.0,38.32999999999999,16.665,45.0,38.334999999999994,0,RR(cost=1.0),[15],0.0,0.15583630185319022,0.37980019780385343,0.5601998021961465,0.5901998021961467,0.35,0.0,False,False,False,False,75287fd2-86dd-49b1-a1ab-8a4444b6999f
3,low_traffic,67,23,discrete,resource_efficient,0,eMBB,30.56,67232.0,38200.0,369249.5,736962.0,50.0,50.0,22.0,66.67,66.665,20.000000000000004,13.335000000000003,2,BCQI(cost=2.0),[197],0.0,0.4380773625237395,0.8772308488089401,0.06276915119105987,0.09276915119105991,0.49999999999999994,0.0,False,True,False,False,75287fd2-86dd-49b1-a1ab-8a4444b6999f
3,low_traffic,67,23,discrete,resource_efficient,1,URLLC,0.0,1872.0,0.0,784.0,1399.0,100.0,0.0,24.0,20.0,66.665,20.000000000000004,13.335000000000003,2,BCQI(cost=2.0),[197],0.0,0.4380773625237395,0.8772308488089401,0.06276915119105987,0.09276915119105991,0.49999999999999994,0.0,False,False,False,False,75287fd2-86dd-49b1-a1ab-8a4444b6999f
3,low_traffic,67,23,discrete,resource_efficient,2,MTC,0.8192,1536.0,1024.0,181.0,269.0,33.333333333333336,66.66666666666666,4.0,13.340000000000002,66.665,20.000000000000004,13.335000000000003,2,BCQI(cost=2.0),[197],0.0,0.4380773625237395,0.8772308488089401,0.06276915119105987,0.09276915119105991,0.49999999999999994,0.0,False,False,False,False,75287fd2-86dd-49b1-a1ab-8a4444b6999f
3,low_traffic,67,24,discrete,resource_efficient,0,eMBB,28.1152,70288.0,35144.0,381544.0,761551.0,50.0,50.0,23.0,51.66,51.66499999999999,20.0,28.335,1,PF(cost=2.0),[169],0.0,0.3160685399662891,0.7394534592113127,0.20054654078868733,0.23054654078868744,0.15000000000000002,0.0,False,True,False,False,75287fd2-86dd-49b1-a1ab-8a4444b6999f
3,low_traffic,67,24,discrete,resource_efficient,1,URLLC,0.0,2028.0,0.0,842.5,1598.0,100.0,0.0,26.0,20.0,51.66499999999999,20.0,28.335,1,PF(cost=2.0),[169],0.0,0.3160685399662891,0.7394534592113127,0.20054654078868733,0.23054654078868744,0.15000000000000002,0.0,False,False,False,False,75287fd2-86dd-49b1-a1ab-8a4444b6999f
3,low_traffic,67,24,discrete,resource_efficient,2,MTC,0.8192,2304.0,1024.0,205.66666666666666,417.0,55.55333333333332,44.44666666666668,10.0,28.34,51.66499999999999,20.0,28.335,1,PF(cost=2.0),[169],0.0,0.3160685399662891,0.7394534592113127,0.20054654078868733,0.23054654078868744,0.15000000000000002,0.0,False,False,False,False,75287fd2-86dd-49b1-a1ab-8a4444b6999f
3,low_traffic,67,25,discrete,resource_efficient,0,eMBB,23.2256,70288.0,29032.0,401819.0,797878.0,58.695,41.305,27.0,16.66,16.665,45.0,38.334999999999994,0,RR(cost=1.0),[15],0.0,0.1409316906036068,0.372386835411856,0.5676131645881439,0.5976131645881441,0.35,0.0,False,True,False,False,75287fd2-86dd-49b1-a1ab-8a4444b6999f
3,low_traffic,67,25,discrete,resource_efficient,1,URLLC,0.0,1872.0,0.0,210.0,333.0,100.0,0.0,24.0,45.0,16.665,45.0,38.334999999999994,0,RR(cost=1.0),[15],0.0,0.1409316906036068,0.372386835411856,0.5676131645881439,0.5976131645881441,0.35,0.0,False,False,False,False,75287fd2-86dd-49b1-a1ab-8a4444b6999f
3,low_traffic,67,25,discrete,resource_efficient,2,MTC,0.8192,1536.0,1024.0,159.0,269.0,33.333333333333336,66.66666666666666,4.0,38.32999999999999,16.665,45.0,38.334999999999994,0,RR(cost=1.0),[15],0.0,0.1409316906036068,0.372386835411856,0.5676131645881439,0.5976131645881441,0.35,0.0,False,False,False,False,75287fd2-86dd-49b1-a1ab-8a4444b6999f
3,low_traffic,67,26,discrete,resource_efficient,0,eMBB,29.3376,70288.0,36672.0,411593.5,821650.0,50.0,50.0,23.0,66.67,66.665,20.000000000000004,13.335000000000003,2,BCQI(cost=2.0),[197],0.0,0.4053115018121334,0.8738609556727481,0.06613904432725187,0.09613904432725187,0.49999999999999994,0.0,False,True,False,False,75287fd2-86dd-49b1-a1ab-8a4444b6999f
3,low_traffic,67,26,discrete,resource_efficient,1,URLLC,0.0,2028.0,0.0,210.0,333.0,100.0,0.0,26.0,20.0,66.665,20.000000000000004,13.335000000000003,2,BCQI(cost=2.0),[197],0.0,0.4053115018121334,0.8738609556727481,0.06613904432725187,0.09613904432725187,0.49999999999999994,0.0,False,False,False,False,75287fd2-86dd-49b1-a1ab-8a4444b6999f
3,low_traffic,67,26,discrete,resource_efficient,2,MTC,0.8192,1536.0,1024.0,142.0,167.0,33.333333333333336,66.66666666666666,4.0,13.340000000000002,66.665,20.000000000000004,13.335000000000003,2,BCQI(cost=2.0),[197],0.0,0.4053115018121334,0.8738609556727481,0.06613904432725187,0.09613904432725187,0.49999999999999994,0.0,False,False,False,False,75287fd2-86dd-49b1-a1ab-8a4444b6999f
3,low_traffic,67,27,discrete,resource_efficient,0,eMBB,29.3376,70288.0,36672.0,425735.0,843805.0,50.0,50.0,23.0,51.66,51.66499999999999,20.0,28.335,1,PF(cost=2.0),[169],0.0,0.3354814165825704,0.7218873537902699,0.21811264620973006,0.2481126462097301,0.15000000000000002,0.0,False,True,False,False,75287fd2-86dd-49b1-a1ab-8a4444b6999f
3,low_traffic,67,27,discrete,resource_efficient,1,URLLC,0.0,1872.0,0.0,866.0,1153.0,100.0,0.0,24.0,20.0,51.66499999999999,20.0,28.335,1,PF(cost=2.0),[169],0.0,0.3354814165825704,0.7218873537902699,0.21811264620973006,0.2481126462097301,0.15000000000000002,0.0,False,False,False,False,75287fd2-86dd-49b1-a1ab-8a4444b6999f
3,low_traffic,67,27,discrete,resource_efficient,2,MTC,0.8192,1536.0,1024.0,142.0,167.0,33.333333333333336,66.66666666666666,4.0,28.34,51.66499999999999,20.0,28.335,1,PF(cost=2.0),[169],0.0,0.3354814165825704,0.7218873537902699,0.21811264620973006,0.2481126462097301,0.15000000000000002,0.0,False,False,False,False,75287fd2-86dd-49b1-a1ab-8a4444b6999f
3,low_traffic,67,28,discrete,resource_efficient,0,eMBB,29.3376,70288.0,36672.0,442554.5,883572.0,50.0,50.0,23.0,26.66,26.665,30.000000000000004,43.335,0,RR(cost=1.0),[69],0.0,0.2194660800225189,0.4728024379022919,0.46719756209770813,0.49719756209770805,0.25,0.0,False,True,False,False,75287fd2-86dd-49b1-a1ab-8a4444b6999f
3,low_traffic,67,28,discrete,resource_efficient,1,URLLC,0.0,2028.0,0.0,611.5,1153.0,100.0,0.0,26.0,30.0,26.665,30.000000000000004,43.335,0,RR(cost=1.0),[69],0.0,0.2194660800225189,0.4728024379022919,0.46719756209770813,0.49719756209770805,0.25,0.0,False,False,False,False,75287fd2-86dd-49b1-a1ab-8a4444b6999f
3,low_traffic,67,28,discrete,resource_efficient,2,MTC,0.8192,1536.0,1024.0,181.0,401.0,33.333333333333336,66.66666666666666,4.0,43.34,26.665,30.000000000000004,43.335,0,RR(cost=1.0),[69],0.0,0.2194660800225189,0.4728024379022919,0.46719756209770813,0.49719756209770805,0.25,0.0,False,False,False,False,75287fd2-86dd-49b1-a1ab-8a4444b6999f
3,low_traffic,67,29,discrete,resource_efficient,0,eMBB,28.1152,70288.0,35144.0,458953.0,916369.0,50.0,50.0,23.0,36.67,36.665000000000006,25.0,38.334999999999994,0,RR(cost=1.0),[117],0.0,0.3183436266837626,0.5578690634747335,0.38213093652526653,0.41213093652526656,0.10000000000000012,0.0,False,True,False,False,75287fd2-86dd-49b1-a1ab-8a4444b6999f
3,low_traffic,67,29,discrete,resource_efficient,1,URLLC,6.3024,1872.0,7878.0,817.5,1548.0,50.0,50.0,12.0,25.0,36.665000000000006,25.0,38.334999999999994,0,RR(cost=1.0),[117],0.0,0.3183436266837626,0.5578690634747335,0.38213093652526653,0.41213093652526656,0.10000000000000012,0.0,False,False,False,False,75287fd2-86dd-49b1-a1ab-8a4444b6999f
3,low_traffic,67,29,discrete,resource_efficient,2,MTC,0.8192,1536.0,1024.0,181.0,401.0,33.333333333333336,66.66666666666666,4.0,38.32999999999999,36.665000000000006,25.0,38.334999999999994,0,RR(cost=1.0),[117],0.0,0.3183436266837626,0.5578690634747335,0.38213093652526653,0.41213093652526656,0.10000000000000012,0.0,False,False,False,False,75287fd2-86dd-49b1-a1ab-8a4444b6999f
3,low_traffic,67,30,discrete,resource_efficient,0,eMBB,28.1152,70288.0,35144.0,475888.5,950240.0,50.0,50.0,23.0,36.67,36.665000000000006,25.0,38.334999999999994,0,RR(cost=1.0),[117],0.0,0.2553082661737927,0.5696931493544191,0.370306850645581,0.400306850645581,0.0,0.0,False,True,False,False,75287fd2-86dd-49b1-a1ab-8a4444b6999f
3,low_traffic,67,30,discrete,resource_efficient,1,URLLC,0.0,2028.0,0.0,333.0,579.0,100.0,0.0,26.0,25.0,36.665000000000006,25.0,38.334999999999994,0,RR(cost=1.0),[117],0.0,0.2553082661737927,0.5696931493544191,0.370306850645581,0.400306850645581,0.0,0.0,False,False,False,False,75287fd2-86dd-49b1-a1ab-8a4444b6999f
3,low_traffic,67,30,discrete,resource_efficient,2,MTC,0.8192,1536.0,1024.0,181.0,401.0,33.333333333333336,66.66666666666666,4.0,38.32999999999999,36.665000000000006,25.0,38.334999999999994,0,RR(cost=1.0),[117],0.0,0.2553082661737927,0.5696931493544191,0.370306850645581,0.400306850645581,0.0,0.0,False,False,False,False,75287fd2-86dd-49b1-a1ab-8a4444b6999f
3,low_traffic,67,31,discrete,resource_efficient,0,eMBB,24.448,70288.0,30560.0,489724.5,977912.0,56.519999999999996,43.480000000000004,26.0,36.67,36.665000000000006,25.0,38.334999999999994,0,RR(cost=1.0),[117],0.0,0.2598795752686768,0.5591531632074114,0.3808468367925886,0.4108468367925886,0.0,0.0,False,True,False,False,75287fd2-86dd-49b1-a1ab-8a4444b6999f
3,low_traffic,67,31,discrete,resource_efficient,1,URLLC,0.4992,1872.0,624.0,562.5,743.0,66.66499999999999,33.33500000000001,16.0,25.0,36.665000000000006,25.0,38.334999999999994,0,RR(cost=1.0),[117],0.0,0.2598795752686768,0.5591531632074114,0.3808468367925886,0.4108468367925886,0.0,0.0,False,False,False,False,75287fd2-86dd-49b1-a1ab-8a4444b6999f
3,low_traffic,67,31,discrete,resource_efficient,2,MTC,1.2288,1536.0,1536.0,225.0,401.0,33.333333333333336,66.66666666666666,4.0,38.32999999999999,36.665000000000006,25.0,38.334999999999994,0,RR(cost=1.0),[117],0.0,0.2598795752686768,0.5591531632074114,0.3808468367925886,0.4108468367925886,0.0,0.0,False,False,False,False,75287fd2-86dd-49b1-a1ab-8a4444b6999f
3,low_traffic,67,32,discrete,resource_efficient,0,eMBB,26.8928,70288.0,33616.0,505827.5,1010118.0,52.175,47.825,24.0,36.67,36.665000000000006,25.0,38.334999999999994,0,RR(cost=1.0),[117],0.0,0.2327193906809497,0.5728755600938511,0.3671244399061489,0.397124439906149,0.0,0.0,False,True,False,False,75287fd2-86dd-49b1-a1ab-8a4444b6999f
3,low_traffic,67,32,discrete,resource_efficient,1,URLLC,0.0,2028.0,0.0,169.0,251.0,100.0,0.0,26.0,25.0,36.665000000000006,25.0,38.334999999999994,0,RR(cost=1.0),[117],0.0,0.2327193906809497,0.5728755600938511,0.3671244399061489,0.397124439906149,0.0,0.0,False,False,False,False,75287fd2-86dd-49b1-a1ab-8a4444b6999f
3,low_traffic,67,32,discrete,resource_efficient,2,MTC,0.4096,1536.0,512.0,203.0,401.0,66.66666666666667,33.33333333333333,8.0,38.32999999999999,36.665000000000006,25.0,38.334999999999994,0,RR(cost=1.0),[117],0.0,0.2327193906809497,0.5728755600938511,0.3671244399061489,0.397124439906149,0.0,0.0,False,False,False,False,75287fd2-86dd-49b1-a1ab-8a4444b6999f
3,low_traffic,67,33,discrete,resource_efficient,0,eMBB,29.3376,70288.0,36672.0,516072.5,1030386.0,50.0,50.0,23.0,61.67,61.665000000000006,20.0,18.335,1,PF(cost=2.0),[190],0.0,0.38108517477919646,0.8150376814824578,0.12496231851754228,0.1549623185175422,0.24999999999999992,0.0,False,True,False,False,75287fd2-86dd-49b1-a1ab-8a4444b6999f
3,low_traffic,67,33,discrete,resource_efficient,1,URLLC,0.0,1872.0,0.0,210.0,333.0,100.0,0.0,24.0,20.0,61.665000000000006,20.0,18.335,1,PF(cost=2.0),[190],0.0,0.38108517477919646,0.8150376814824578,0.12496231851754228,0.1549623185175422,0.24999999999999992,0.0,False,False,False,False,75287fd2-86dd-49b1-a1ab-8a4444b6999f
3,low_traffic,67,33,discrete,resource_efficient,2,MTC,0.8192,1536.0,1024.0,181.0,401.0,33.333333333333336,66.66666666666666,4.0,18.34,61.665000000000006,20.0,18.335,1,PF(cost=2.0),[190],0.0,0.38108517477919646,0.8150376814824578,0.12496231851754228,0.1549623185175422,0.24999999999999992,0.0,False,False,False,False,75287fd2-86dd-49b1-a1ab-8a4444b6999f
3,low_traffic,67,34,discrete,resource_efficient,0,eMBB,30.56,70288.0,38200.0,533492.0,1060851.0,50.0,50.0,23.0,31.66,31.665,35.0,33.335,0,RR(cost=1.0),[99],0.0,0.26275548040728564,0.5168768662090109,0.4231231337909892,0.45312313379098923,0.30000000000000004,0.0,False,True,False,False,75287fd2-86dd-49b1-a1ab-8a4444b6999f
3,low_traffic,67,34,discrete,resource_efficient,1,URLLC,0.0,2028.0,0.0,620.0,1071.0,100.0,0.0,26.0,35.0,31.665,35.0,33.335,0,RR(cost=1.0),[99],0.0,0.26275548040728564,0.5168768662090109,0.4231231337909892,0.45312313379098923,0.30000000000000004,0.0,False,False,False,False,75287fd2-86dd-49b1-a1ab-8a4444b6999f
3,low_traffic,67,34,discrete,resource_efficient,2,MTC,1.2288,1536.0,1536.0,181.0,401.0,33.333333333333336,66.66666666666666,4.0,33.34,31.665,35.0,33.335,0,RR(cost=1.0),[99],0.0,0.26275548040728564,0.5168768662090109,0.4231231337909892,0.45312313379098923,0.30000000000000004,0.0,False,False,False,False,75287fd2-86dd-49b1-a1ab-8a4444b6999f
3,low_traffic,67,35,discrete,resource_efficient,0,eMBB,29.3376,67232.0,36672.0,543235.0,1083401.0,50.0,50.0,22.0,61.67,61.665000000000006,20.0,18.335,1,PF(cost=2.0),[190],0.0,0.3964733172815918,0.8143214820703247,0.12567851792967533,0.15567851792967527,0.30000000000000004,0.0,False,True,False,False,75287fd2-86dd-49b1-a1ab-8a4444b6999f
3,low_traffic,67,35,discrete,resource_efficient,1,URLLC,0.0,1872.0,0.0,415.0,661.0,100.0,0.0,24.0,20.0,61.665000000000006,20.0,18.335,1,PF(cost=2.0),[190],0.0,0.3964733172815918,0.8143214820703247,0.12567851792967533,0.15567851792967527,0.30000000000000004,0.0,False,False,False,False,75287fd2-86dd-49b1-a1ab-8a4444b6999f
3,low_traffic,67,35,discrete,resource_efficient,2,MTC,0.8192,1536.0,1024.0,209.83333333333334,574.0,33.333333333333336,66.66666666666666,4.0,18.34,61.665000000000006,20.0,18.335,1,PF(cost=2.0),[190],0.0,0.3964733172815918,0.8143214820703247,0.12567851792967533,0.15567851792967527,0.30000000000000004,0.0,False,False,False,False,75287fd2-86dd-49b1-a1ab-8a4444b6999f
3,low_traffic,67,36,discrete,resource_efficient,0,eMBB,28.1152,70288.0,35144.0,562351.0,1123165.0,50.0,50.0,23.0,61.67,61.665000000000006,20.0,18.335,1,PF(cost=2.0),[190],0.0,0.35652225011599,0.8229794686385579,0.11702053136144225,0.14702053136144214,0.0,0.0,False,True,False,False,75287fd2-86dd-49b1-a1ab-8a4444b6999f
3,low_traffic,67,36,discrete,resource_efficient,1,URLLC,0.0,2028.0,0.0,369.5,652.0,100.0,0.0,26.0,20.0,61.665000000000006,20.0,18.335,1,PF(cost=2.0),[190],0.0,0.35652225011599,0.8229794686385579,0.11702053136144225,0.14702053136144214,0.0,0.0,False,False,False,False,75287fd2-86dd-49b1-a1ab-8a4444b6999f
3,low_traffic,67,36,discrete,resource_efficient,2,MTC,0.8192,2304.0,1024.0,225.0,665.0,55.55333333333332,44.44666666666668,10.0,18.34,61.665000000000006,20.0,18.335,1,PF(cost=2.0),[190],0.0,0.35652225011599,0.8229794686385579,0.11702053136144225,0.14702053136144214,0.0,0.0,False,False,False,False,75287fd2-86dd-49b1-a1ab-8a4444b6999f
3,low_traffic,67,37,discrete,resource_efficient,0,eMBB,26.8928,70288.0,33616.0,580456.5,1159376.0,52.175,47.825,24.0,61.67,61.665000000000006,20.0,18.335,1,PF(cost=2.0),[190],0.0,0.35217828417091984,0.8127010133515942,0.1272989866484059,0.15729898664840583,0.0,0.0,False,True,False,False,75287fd2-86dd-49b1-a1ab-8a4444b6999f
3,low_traffic,67,37,discrete,resource_efficient,1,URLLC,0.0,1872.0,0.0,661.0,1071.0,100.0,0.0,24.0,20.0,61.665000000000006,20.0,18.335,1,PF(cost=2.0),[190],0.0,0.35217828417091984,0.8127010133515942,0.1272989866484059,0.15729898664840583,0.0,0.0,False,False,False,False,75287fd2-86dd-49b1-a1ab-8a4444b6999f
3,low_traffic,67,37,discrete,resource_efficient,2,MTC,0.8192,1536.0,1024.0,181.0,401.0,33.333333333333336,66.66666666666666,4.0,18.34,61.665000000000006,20.0,18.335,1,PF(cost=2.0),[190],0.0,0.35217828417091984,0.8127010133515942,0.1272989866484059,0.15729898664840583,0.0,0.0,False,False,False,False,75287fd2-86dd-49b1-a1ab-8a4444b6999f
3,low_traffic,67,38,discrete,resource_efficient,0,eMBB,24.448,70288.0,30560.0,582811.5,1164086.0,56.519999999999996,43.480000000000004,26.0,21.66,21.665,65.0,13.334999999999999,2,BCQI(cost=2.0),[62],0.0,0.16473708065676226,0.4142428871686714,0.5257571128313285,0.5557571128313286,0.45,0.0,False,True,False,False,75287fd2-86dd-49b1-a1ab-8a4444b6999f
3,low_traffic,67,38,discrete,resource_efficient,1,URLLC,0.0,2028.0,0.0,579.0,1071.0,100.0,0.0,26.0,65.0,21.665,65.0,13.334999999999999,2,BCQI(cost=2.0),[62],0.0,0.16473708065676226,0.4142428871686714,0.5257571128313285,0.5557571128313286,0.45,0.0,False,False,False,False,75287fd2-86dd-49b1-a1ab-8a4444b6999f
3,low_traffic,67,38,discrete,resource_efficient,2,MTC,0.8192,1536.0,1024.0,161.66666666666666,401.0,33.333333333333336,66.66666666666666,4.0,13.33,21.665,65.0,13.334999999999999,2,BCQI(cost=2.0),[62],0.0,0.16473708065676226,0.4142428871686714,0.5257571128313285,0.5557571128313286,0.45,0.0,False,False,False,False,75287fd2-86dd-49b1-a1ab-8a4444b6999f
3,low_traffic,67,39,discrete,resource_efficient,0,eMBB,28.1152,70288.0,35144.0,612133.5,1221790.0,50.0,50.0,23.0,26.66,26.665,45.0,28.335,1,PF(cost=2.0),[79],0.0,0.2576726724509122,0.4529937321501414,0.4870062678498586,0.5170062678498586,0.2,0.0,False,True,False,False,75287fd2-86dd-49b1-a1ab-8a4444b6999f
3,low_traffic,67,39,discrete,resource_efficient,1,URLLC,11.6688,1872.0,14586.0,1112.0,2137.0,50.0,50.0,12.0,45.0,26.665,45.0,28.335,1,PF(cost=2.0),[79],0.0,0.2576726724509122,0.4529937321501414,0.4870062678498586,0.5170062678498586,0.2,0.0,False,False,False,False,75287fd2-86dd-49b1-a1ab-8a4444b6999f
3,low_traffic,67,39,discrete,resource_efficient,2,MTC,0.8192,1536.0,1024.0,203.0,401.0,33.333333333333336,66.66666666666666,4.0,28.34,26.665,45.0,28.335,1,PF(cost=2.0),[79],0.0,0.2576726724509122,0.4529937321501414,0.4870062678498586,0.5170062678498586,0.2,0.0,False,False,False,False,75287fd2-86dd-49b1-a1ab-8a4444b6999f
3,low_traffic,67,40,discrete,resource_efficient,0,eMBB,29.3376,70288.0,36672.0,615898.0,1228727.0,50.0,50.0,23.0,61.67,61.665000000000006,20.0,18.335,1,PF(cost=2.0),[190],0.0,0.39899962555381824,0.8101461537922813,0.12985384620771878,0.15985384620771872,0.35,0.0,False,True,False,False,75287fd2-86dd-49b1-a1ab-8a4444b6999f
3,low_traffic,67,40,discrete,resource_efficient,1,URLLC,0.312,2028.0,390.0,1309.0,2367.0,80.77,19.230000000000004,21.0,20.0,61.665000000000006,20.0,18.335,1,PF(cost=2.0),[190],0.0,0.39899962555381824,0.8101461537922813,0.12985384620771878,0.15985384620771872,0.35,0.0,False,False,False,False,75287fd2-86dd-49b1-a1ab-8a4444b6999f
3,low_traffic,67,40,discrete,resource_efficient,2,MTC,0.8192,1536.0,1024.0,137.0,137.0,33.333333333333336,66.66666666666666,4.0,18.34,61.665000000000006,20.0,18.335,1,PF(cost=2.0),[190],0.0,0.39899962555381824,0.8101461537922813,0.12985384620771878,0.15985384620771872,0.35,0.0,False,False,False,False,75287fd2-86dd-49b1-a1ab-8a4444b6999f
3,low_traffic,67,41,discrete,resource_efficient,0,eMBB,29.3376,70288.0,36672.0,644883.5,1282102.0,50.0,50.0,23.0,61.67,61.665000000000006,20.0,18.335,1,PF(cost=2.0),[190],0.0,0.45497465520104774,0.8019052800642889,0.1380947199357112,0.16809471993571115,0.0,0.0,False,True,False,False,75287fd2-86dd-49b1-a1ab-8a4444b6999f
3,low_traffic,67,41,discrete,resource_efficient,1,URLLC,1.248,1872.0,1560.0,1166.5,2082.0,50.0,50.0,12.0,20.0,61.665000000000006,20.0,18.335,1,PF(cost=2.0),[190],0.0,0.45497465520104774,0.8019052800642889,0.1380947199357112,0.16809471993571115,0.0,0.0,False,False,False,False,75287fd2-86dd-49b1-a1ab-8a4444b6999f
3,low_traffic,67,41,discrete,resource_efficient,2,MTC,0.8192,1536.0,1024.0,137.0,137.0,33.333333333333336,66.66666666666666,4.0,18.34,61.665000000000006,20.0,18.335,1,PF(cost=2.0),[190],0.0,0.45497465520104774,0.8019052800642889,0.1380947199357112,0.16809471993571115,0.0,0.0,False,False,False,False,75287fd2-86dd-49b1-a1ab-8a4444b6999f
3,low_traffic,67,42,discrete,resource_efficient,0,eMBB,29.3376,70288.0,36672.0,647987.0,1294437.0,50.0,50.0,23.0,61.67,61.665000000000006,20.0,18.335,1,PF(cost=2.0),[190],0.0,0.383964468145384,0.8122198226602081,0.1277801773397919,0.1577801773397919,0.0,0.0,False,True,False,False,75287fd2-86dd-49b1-a1ab-8a4444b6999f
3,low_traffic,67,42,discrete,resource_efficient,1,URLLC,0.0624,2028.0,78.0,1379.5,2672.0,96.155,3.844999999999999,25.0,20.0,61.665000000000006,20.0,18.335,1,PF(cost=2.0),[190],0.0,0.383964468145384,0.8122198226602081,0.1277801773397919,0.1577801773397919,0.0,0.0,False,False,False,False,75287fd2-86dd-49b1-a1ab-8a4444b6999f
3,low_traffic,67,42,discrete,resource_efficient,2,MTC,0.8192,1536.0,1024.0,137.0,137.0,33.333333333333336,66.66666666666666,4.0,18.34,61.665000000000006,20.0,18.335,1,PF(cost=2.0),[190],0.0,0.383964468145384,0.8122198226602081,0.1277801773397919,0.1577801773397919,0.0,0.0,False,False,False,False,75287fd2-86dd-49b1-a1ab-8a4444b6999f
3,low_traffic,67,43,discrete,resource_efficient,0,eMBB,28.1152,70288.0,35144.0,670743.5,1339950.0,50.0,50.0,23.0,61.67,61.665000000000006,20.0,18.335,1,PF(cost=2.0),[190],0.0,0.4370849824026575,0.8012615625109155,0.13873843748908452,0.1687384374890845,0.0,0.0,False,True,False,False,75287fd2-86dd-49b1-a1ab-8a4444b6999f
3,low_traffic,67,43,discrete,resource_efficient,1,URLLC,0.8736,1872.0,1092.0,1288.5,2244.0,50.0,50.0,12.0,20.0,61.665000000000006,20.0,18.335,1,PF(cost=2.0),[190],0.0,0.4370849824026575,0.8012615625109155,0.13873843748908452,0.1687384374890845,0.0,0.0,False,False,False,False,75287fd2-86dd-49b1-a1ab-8a4444b6999f
3,low_traffic,67,43,discrete,resource_efficient,2,MTC,1.2288,1536.0,1536.0,137.0,137.0,33.333333333333336,66.66666666666666,4.0,18.34,61.665000000000006,20.0,18.335,1,PF(cost=2.0),[190],0.0,0.4370849824026575,0.8012615625109155,0.13873843748908452,0.1687384374890845,0.0,0.0,False,False,False,False,75287fd2-86dd-49b1-a1ab-8a4444b6999f
3,low_traffic,67,44,discrete,resource_efficient,0,eMBB,28.1152,70288.0,35144.0,687949.5,1374362.0,50.0,50.0,23.0,61.67,61.665000000000006,20.0,18.335,1,PF(cost=2.0),[190],0.0,0.43827528269506905,0.8016541912035092,0.13834580879649078,0.16834580879649078,0.0,0.0,False,True,False,False,75287fd2-86dd-49b1-a1ab-8a4444b6999f
3,low_traffic,67,44,discrete,resource_efficient,1,URLLC,1.3104,2028.0,1638.0,1358.0,1973.0,50.0,50.0,13.0,20.0,61.665000000000006,20.0,18.335,1,PF(cost=2.0),[190],0.0,0.43827528269506905,0.8016541912035092,0.13834580879649078,0.16834580879649078,0.0,0.0,False,False,False,False,75287fd2-86dd-49b1-a1ab-8a4444b6999f
3,low_traffic,67,44,discrete,resource_efficient,2,MTC,0.8192,1536.0,1024.0,181.0,401.0,33.333333333333336,66.66666666666666,4.0,18.34,61.665000000000006,20.0,18.335,1,PF(cost=2.0),[190],0.0,0.43827528269506905,0.8016541912035092,0.13834580879649078,0.16834580879649078,0.0,0.0,False,False,False,False,75287fd2-86dd-49b1-a1ab-8a4444b6999f
3,low_traffic,67,45,discrete,resource_efficient,0,eMBB,26.8928,70288.0,33616.0,694968.5,1388400.0,52.175,47.825,24.0,61.67,61.665000000000006,20.0,18.335,1,PF(cost=2.0),[190],0.0,0.3667320437856991,0.8047231716073555,0.1352768283926445,0.1652768283926445,0.0,0.0,False,True,False,False,75287fd2-86dd-49b1-a1ab-8a4444b6999f
3,low_traffic,67,45,discrete,resource_efficient,1,URLLC,0.2496,1872.0,312.0,251.0,415.0,83.33500000000001,16.664999999999992,20.0,20.0,61.665000000000006,20.0,18.335,1,PF(cost=2.0),[190],0.0,0.3667320437856991,0.8047231716073555,0.1352768283926445,0.1652768283926445,0.0,0.0,False,False,False,False,75287fd2-86dd-49b1-a1ab-8a4444b6999f
3,low_traffic,67,45,discrete,resource_efficient,2,MTC,0.8192,1536.0,1024.0,137.0,137.0,33.333333333333336,66.66666666666666,4.0,18.34,61.665000000000006,20.0,18.335,1,PF(cost=2.0),[190],0.0,0.3667320437856991,0.8047231716073555,0.1352768283926445,0.1652768283926445,0.0,0.0,False,False,False,False,75287fd2-86dd-49b1-a1ab-8a4444b6999f
3,low_traffic,67,46,discrete,resource_efficient,0,eMBB,24.448,70288.0,30560.0,711227.5,1420918.0,56.519999999999996,43.480000000000004,26.0,61.67,61.665000000000006,20.0,18.335,1,PF(cost=2.0),[190],0.0,0.3261939937254958,0.8084723326325123,0.13152766736748772,0.16152766736748772,0.0,0.0,False,True,False,False,75287fd2-86dd-49b1-a1ab-8a4444b6999f
3,low_traffic,67,46,discrete,resource_efficient,1,URLLC,0.3744,2028.0,468.0,333.0,415.0,76.925,23.075000000000003,20.0,20.0,61.665000000000006,20.0,18.335,1,PF(cost=2.0),[190],0.0,0.3261939937254958,0.8084723326325123,0.13152766736748772,0.16152766736748772,0.0,0.0,False,False,False,False,75287fd2-86dd-49b1-a1ab-8a4444b6999f
3,low_traffic,67,46,discrete,resource_efficient,2,MTC,0.4096,1536.0,512.0,137.0,137.0,66.66666666666667,33.33333333333333,8.0,18.34,61.665000000000006,20.0,18.335,1,PF(cost=2.0),[190],0.0,0.3261939937254958,0.8084723326325123,0.13152766736748772,0.16152766736748772,0.0,0.0,False,False,False,False,75287fd2-86dd-49b1-a1ab-8a4444b6999f
3,low_traffic,67,47,discrete,resource_efficient,0,eMBB,29.3376,67232.0,36672.0,711227.5,1420918.0,50.0,50.0,22.0,61.67,61.665000000000006,20.0,18.335,1,PF(cost=2.0),[190],0.0,0.45554513287522747,0.8006572463540506,0.13934275364594945,0.16934275364594945,0.0,0.0,False,True,False,False,75287fd2-86dd-49b1-a1ab-8a4444b6999f
3,low_traffic,67,47,discrete,resource_efficient,1,URLLC,0.6864,1872.0,858.0,538.0,743.0,54.165,45.835,13.0,20.0,61.665000000000006,20.0,18.335,1,PF(cost=2.0),[190],0.0,0.45554513287522747,0.8006572463540506,0.13934275364594945,0.16934275364594945,0.0,0.0,False,False,False,False,75287fd2-86dd-49b1-a1ab-8a4444b6999f
3,low_traffic,67,47,discrete,resource_efficient,2,MTC,1.2288,1536.0,1536.0,379.0,1589.0,33.333333333333336,66.66666666666666,4.0,18.34,61.665000000000006,20.0,18.335,1,PF(cost=2.0),[190],0.0,0.45554513287522747,0.8006572463540506,0.13934275364594945,0.16934275364594945,0.0,0.0,False,False,False,False,75287fd2-86dd-49b1-a1ab-8a4444b6999f
3,low_traffic,67,48,discrete,resource_efficient,0,eMBB,29.3376,70288.0,36672.0,737988.5,1468312.0,50.0,50.0,23.0,61.67,61.665000000000006,20.0,18.335,1,PF(cost=2.0),[190],0.0,0.4043876283002561,0.8084776957417853,0.13152230425821465,0.1615223042582147,0.0,0.0,False,True,False,False,75287fd2-86dd-49b1-a1ab-8a4444b6999f
3,low_traffic,67,48,discrete,resource_efficient,1,URLLC,0.624,2028.0,780.0,333.0,497.0,61.54,38.46,16.0,20.0,61.665000000000006,20.0,18.335,1,PF(cost=2.0),[190],0.0,0.4043876283002561,0.8084776957417853,0.13152230425821465,0.1615223042582147,0.0,0.0,False,False,False,False,75287fd2-86dd-49b1-a1ab-8a4444b6999f
3,low_traffic,67,48,discrete,resource_efficient,2,MTC,0.8192,2304.0,1024.0,467.0,1589.0,55.55333333333332,44.44666666666668,10.0,18.34,61.665000000000006,20.0,18.335,1,PF(cost=2.0),[190],0.0,0.4043876283002561,0.8084776957417853,0.13152230425821465,0.1615223042582147,0.0,0.0,False,False,False,False,75287fd2-86dd-49b1-a1ab-8a4444b6999f
3,low_traffic,67,49,discrete,resource_efficient,0,eMBB,29.3376,70288.0,36672.0,757050.0,1512563.0,50.0,50.0,23.0,61.67,61.665000000000006,20.0,18.335,1,PF(cost=2.0),[190],0.0,0.43762819526750274,0.7984623000260855,0.14153769997391452,0.17153769997391446,0.0,0.0,False,True,False,False,75287fd2-86dd-49b1-a1ab-8a4444b6999f
3,low_traffic,67,49,discrete,resource_efficient,1,URLLC,0.9984,1872.0,1248.0,301.0,515.0,50.0,50.0,12.0,20.0,61.665000000000006,20.0,18.335,1,PF(cost=2.0),[190],0.0,0.43762819526750274,0.7984623000260855,0.14153769997391452,0.17153769997391446,0.0,0.0,False,False,False,False,75287fd2-86dd-49b1-a1ab-8a4444b6999f
3,low_traffic,67,49,discrete,resource_efficient,2,MTC,0.8192,1536.0,1024.0,379.8333333333333,972.0,33.333333333333336,66.66666666666666,4.0,18.34,61.665000000000006,20.0,18.335,1,PF(cost=2.0),[190],0.0,0.43762819526750274,0.7984623000260855,0.14153769997391452,0.17153769997391446,0.0,0.0,False,False,False,False,75287fd2-86dd-49b1-a1ab-8a4444b6999f
3,low_traffic,67,50,discrete,resource_efficient,0,eMBB,28.1152,70288.0,35144.0,775787.5,1548506.0,50.0,50.0,23.0,61.67,61.665000000000006,20.0,18.335,1,PF(cost=2.0),[190],0.0,0.365286877946049,0.8066681186351813,0.13333188136481872,0.16333188136481872,0.0,0.0,False,True,False,False,75287fd2-86dd-49b1-a1ab-8a4444b6999f
3,low_traffic,67,50,discrete,resource_efficient,1,URLLC,0.0,2028.0,0.0,169.0,251.0,100.0,0.0,26.0,20.0,61.665000000000006,20.0,18.335,1,PF(cost=2.0),[190],0.0,0.365286877946049,0.8066681186351813,0.13333188136481872,0.16333188136481872,0.0,0.0,False,False,False,False,75287fd2-86dd-49b1-a1ab-8a4444b6999f
3,low_traffic,67,50,discrete,resource_efficient,2,MTC,0.8192,1536.0,1024.0,225.0,401.0,33.333333333333336,66.66666666666666,4.0,18.34,61.665000000000006,20.0,18.335,1,PF(cost=2.0),[190],0.0,0.365286877946049,0.8066681186351813,0.13333188136481872,0.16333188136481872,0.0,0.0,False,False,False,False,75287fd2-86dd-49b1-a1ab-8a4444b6999f
3,low_traffic,67,51,discrete,resource_efficient,0,eMBB,28.1152,70288.0,35144.0,779007.5,1554946.0,50.0,50.0,23.0,61.67,61.665000000000006,20.0,18.335,1,PF(cost=2.0),[190],0.0,0.3651848717496718,0.8051971854344111,0.13480281456558896,0.1648028145655889,0.0,0.0,False,True,False,False,75287fd2-86dd-49b1-a1ab-8a4444b6999f
3,low_traffic,67,51,discrete,resource_efficient,1,URLLC,0.0,1872.0,0.0,169.0,251.0,100.0,0.0,24.0,20.0,61.665000000000006,20.0,18.335,1,PF(cost=2.0),[190],0.0,0.3651848717496718,0.8051971854344111,0.13480281456558896,0.1648028145655889,0.0,0.0,False,False,False,False,75287fd2-86dd-49b1-a1ab-8a4444b6999f
3,low_traffic,67,51,discrete,resource_efficient,2,MTC,0.8192,1536.0,1024.0,169.83333333333334,334.0,33.333333333333336,66.66666666666666,4.0,18.34,61.665000000000006,20.0,18.335,1,PF(cost=2.0),[190],0.0,0.3651848717496718,0.8051971854344111,0.13480281456558896,0.1648028145655889,0.0,0.0,False,False,False,False,75287fd2-86dd-49b1-a1ab-8a4444b6999f
3,low_traffic,67,52,discrete,resource_efficient,0,eMBB,28.1152,70288.0,35144.0,809223.5,1615378.0,50.0,50.0,23.0,61.67,61.665000000000006,20.0,18.335,1,PF(cost=2.0),[190],0.0,0.3997157992875345,0.8012667958094741,0.13873320419052587,0.16873320419052576,0.0,0.0,False,True,False,False,75287fd2-86dd-49b1-a1ab-8a4444b6999f
3,low_traffic,67,52,discrete,resource_efficient,1,URLLC,0.624,2028.0,780.0,1262.5,2438.0,61.54,38.46,16.0,20.0,61.665000000000006,20.0,18.335,1,PF(cost=2.0),[190],0.0,0.3997157992875345,0.8012667958094741,0.13873320419052587,0.16873320419052576,0.0,0.0,False,False,False,False,75287fd2-86dd-49b1-a1ab-8a4444b6999f
3,low_traffic,67,52,discrete,resource_efficient,2,MTC,0.8192,1536.0,1024.0,143.83333333333334,178.0,33.333333333333336,66.66666666666666,4.0,18.34,61.665000000000006,20.0,18.335,1,PF(cost=2.0),[190],0.0,0.3997157992875345,0.8012667958094741,0.13873320419052587,0.16873320419052576,0.0,0.0,False,False,False,False,75287fd2-86dd-49b1-a1ab-8a4444b6999f
3,low_traffic,67,53,discrete,resource_efficient,0,eMBB,24.448,70288.0,30560.0,824170.5,1645272.0,56.519999999999996,43.480000000000004,26.0,61.67,61.665000000000006,20.0,18.335,1,PF(cost=2.0),[190],0.0,0.36548996639175896,0.7972010831777137,0.14279891682228646,0.17279891682228635,0.0,0.0,False,True,False,False,75287fd2-86dd-49b1-a1ab-8a4444b6999f
3,low_traffic,67,53,discrete,resource_efficient,1,URLLC,0.7488,1872.0,936.0,538.0,907.0,50.0,50.0,12.0,20.0,61.665000000000006,20.0,18.335,1,PF(cost=2.0),[190],0.0,0.36548996639175896,0.7972010831777137,0.14279891682228646,0.17279891682228635,0.0,0.0,False,False,False,False,75287fd2-86dd-49b1-a1ab-8a4444b6999f
3,low_traffic,67,53,discrete,resource_efficient,2,MTC,0.8192,1536.0,1024.0,181.0,269.0,33.333333333333336,66.66666666666666,4.0,18.34,61.665000000000006,20.0,18.335,1,PF(cost=2.0),[190],0.0,0.36548996639175896,0.7972010831777137,0.14279891682228646,0.17279891682228635,0.0,0.0,False,False,False,False,75287fd2-86dd-49b1-a1ab-8a4444b6999f
3,low_traffic,67,54,discrete,resource_efficient,0,eMBB,29.3376,70288.0,36672.0,831870.0,1662203.0,50.0,50.0,23.0,61.67,61.665000000000006,20.0,18.335,1,PF(cost=2.0),[190],0.0,0.4456997834321871,0.7971905608383396,0.1428094391616604,0.17280943916166028,0.0,0.0,False,True,False,False,75287fd2-86dd-49b1-a1ab-8a4444b6999f
3,low_traffic,67,54,discrete,resource_efficient,1,URLLC,1.248,2028.0,1560.0,76.0,87.0,50.0,50.0,13.0,20.0,61.665000000000006,20.0,18.335,1,PF(cost=2.0),[190],0.0,0.4456997834321871,0.7971905608383396,0.1428094391616604,0.17280943916166028,0.0,0.0,False,False,False,False,75287fd2-86dd-49b1-a1ab-8a4444b6999f
3,low_traffic,67,54,discrete,resource_efficient,2,MTC,0.8192,1536.0,1024.0,203.0,401.0,33.333333333333336,66.66666666666666,4.0,18.34,61.665000000000006,20.0,18.335,1,PF(cost=2.0),[190],0.0,0.4456997834321871,0.7971905608383396,0.1428094391616604,0.17280943916166028,0.0,0.0,False,False,False,False,75287fd2-86dd-49b1-a1ab-8a4444b6999f
3,low_traffic,67,55,discrete,resource_efficient,0,eMBB,29.3376,70288.0,36672.0,855168.5,1704204.0,50.0,50.0,23.0,61.67,61.665000000000006,20.0,18.335,1,PF(cost=2.0),[190],0.0,0.46551719492466553,0.7968941256966124,0.14310587430338756,0.17310587430338756,0.0,0.0,False,True,False,False,75287fd2-86dd-49b1-a1ab-8a4444b6999f
3,low_traffic,67,55,discrete,resource_efficient,1,URLLC,2.2464,1872.0,2808.0,628.5,1006.0,50.0,50.0,12.0,20.0,61.665000000000006,20.0,18.335,1,PF(cost=2.0),[190],0.0,0.46551719492466553,0.7968941256966124,0.14310587430338756,0.17310587430338756,0.0,0.0,False,False,False,False,75287fd2-86dd-49b1-a1ab-8a4444b6999f
3,low_traffic,67,55,discrete,resource_efficient,2,MTC,0.8192,1536.0,1024.0,165.83333333333334,310.0,33.333333333333336,66.66666666666666,4.0,18.34,61.665000000000006,20.0,18.335,1,PF(cost=2.0),[190],0.0,0.46551719492466553,0.7968941256966124,0.14310587430338756,0.17310587430338756,0.0,0.0,False,False,False,False,75287fd2-86dd-49b1-a1ab-8a4444b6999f
3,low_traffic,67,56,discrete,resource_efficient,0,eMBB,29.3376,70288.0,36672.0,863506.0,1725475.0,50.0,50.0,23.0,61.67,61.665000000000006,20.0,18.335,1,PF(cost=2.0),[190],0.0,0.3982236458351737,0.8049957890849708,0.13500421091502915,0.16500421091502906,0.0,0.0,False,True,False,False,75287fd2-86dd-49b1-a1ab-8a4444b6999f
3,low_traffic,67,56,discrete,resource_efficient,1,URLLC,0.0,2028.0,0.0,587.5,1006.0,100.0,0.0,26.0,20.0,61.665000000000006,20.0,18.335,1,PF(cost=2.0),[190],0.0,0.3982236458351737,0.8049957890849708,0.13500421091502915,0.16500421091502906,0.0,0.0,False,False,False,False,75287fd2-86dd-49b1-a1ab-8a4444b6999f
3,low_traffic,67,56,discrete,resource_efficient,2,MTC,1.2288,1536.0,1536.0,181.0,401.0,33.333333333333336,66.66666666666666,4.0,18.34,61.665000000000006,20.0,18.335,1,PF(cost=2.0),[190],0.0,0.3982236458351737,0.8049957890849708,0.13500421091502915,0.16500421091502906,0.0,0.0,False,False,False,False,75287fd2-86dd-49b1-a1ab-8a4444b6999f
3,low_traffic,67,57,discrete,resource_efficient,0,eMBB,28.1152,70288.0,35144.0,885748.0,1769959.0,50.0,50.0,23.0,61.67,61.665000000000006,20.0,18.335,1,PF(cost=2.0),[190],0.0,0.4512363264269607,0.7967811735670992,0.14321882643290082,0.1732188264329008,0.0,0.0,False,True,False,False,75287fd2-86dd-49b1-a1ab-8a4444b6999f
3,low_traffic,67,57,discrete,resource_efficient,1,URLLC,1.4976,1872.0,1872.0,1276.0,1399.0,50.0,50.0,12.0,20.0,61.665000000000006,20.0,18.335,1,PF(cost=2.0),[190],0.0,0.4512363264269607,0.7967811735670992,0.14321882643290082,0.1732188264329008,0.0,0.0,False,False,False,False,75287fd2-86dd-49b1-a1ab-8a4444b6999f
3,low_traffic,67,57,discrete,resource_efficient,2,MTC,0.8192,1536.0,1024.0,181.0,401.0,33.333333333333336,66.66666666666666,4.0,18.34,61.665000000000006,20.0,18.335,1,PF(cost=2.0),[190],0.0,0.4512363264269607,0.7967811735670992,0.14321882643290082,0.1732188264329008,0.0,0.0,False,False,False,False,75287fd2-86dd-49b1-a1ab-8a4444b6999f
3,low_traffic,67,58,discrete,resource_efficient,0,eMBB,28.1152,70288.0,35144.0,897875.0,1794213.0,50.0,50.0,23.0,61.67,61.665000000000006,20.0,18.335,1,PF(cost=2.0),[190],0.0,0.36490505272790363,0.8043891196854454,0.13561088031455468,0.16561088031455465,0.0,0.0,False,True,False,False,75287fd2-86dd-49b1-a1ab-8a4444b6999f
3,low_traffic,67,58,discrete,resource_efficient,1,URLLC,0.0,2028.0,0.0,596.0,941.0,100.0,0.0,26.0,20.0,61.665000000000006,20.0,18.335,1,PF(cost=2.0),[190],0.0,0.36490505272790363,0.8043891196854454,0.13561088031455468,0.16561088031455465,0.0,0.0,False,False,False,False,75287fd2-86dd-49b1-a1ab-8a4444b6999f
3,low_traffic,67,58,discrete,resource_efficient,2,MTC,0.8192,1536.0,1024.0,313.0,665.0,33.333333333333336,66.66666666666666,4.0,18.34,61.665000000000006,20.0,18.335,1,PF(cost=2.0),[190],0.0,0.36490505272790363,0.8043891196854454,0.13561088031455468,0.16561088031455465,0.0,0.0,False,False,False,False,75287fd2-86dd-49b1-a1ab-8a4444b6999f
3,low_traffic,67,59,discrete,resource_efficient,0,eMBB,26.8928,67232.0,33616.0,907861.0,1814185.0,50.0,50.0,22.0,61.67,61.665000000000006,20.0,18.335,1,PF(cost=2.0),[190],0.0,0.3648085753889005,0.8028205598427106,0.13717944015728936,0.1671794401572894,0.0,0.0,False,True,False,False,75287fd2-86dd-49b1-a1ab-8a4444b6999f
3,low_traffic,67,59,discrete,resource_efficient,1,URLLC,0.0,1872.0,0.0,407.5,627.0,100.0,0.0,24.0,20.0,61.665000000000006,20.0,18.335,1,PF(cost=2.0),[190],0.0,0.3648085753889005,0.8028205598427106,0.13717944015728936,0.1671794401572894,0.0,0.0,False,False,False,False,75287fd2-86dd-49b1-a1ab-8a4444b6999f
3,low_traffic,67,59,discrete,resource_efficient,2,MTC,0.8192,1536.0,1024.0,313.0,665.0,33.333333333333336,66.66666666666666,4.0,18.34,61.665000000000006,20.0,18.335,1,PF(cost=2.0),[190],0.0,0.3648085753889005,0.8028205598427106,0.13717944015728936,0.1671794401572894,0.0,0.0,False,False,False,False,75287fd2-86dd-49b1-a1ab-8a4444b6999f
3,low_traffic,67,60,discrete,resource_efficient,0,eMBB,24.448,70288.0,30560.0,927195.0,1852853.0,56.519999999999996,43.480000000000004,26.0,61.67,61.665000000000006,20.0,18.335,1,PF(cost=2.0),[190],0.0,0.3115515853204263,0.8084013812953881,0.13159861870461204,0.16159861870461192,0.0,0.0,False,True,False,False,75287fd2-86dd-49b1-a1ab-8a4444b6999f
3,low_traffic,67,60,discrete,resource_efficient,1,URLLC,0.0,2028.0,0.0,137.5,188.0,100.0,0.0,26.0,20.0,61.665000000000006,20.0,18.335,1,PF(cost=2.0),[190],0.0,0.3115515853204263,0.8084013812953881,0.13159861870461204,0.16159861870461192,0.0,0.0,False,False,False,False,75287fd2-86dd-49b1-a1ab-8a4444b6999f
3,low_traffic,67,60,discrete,resource_efficient,2,MTC,0.8192,2304.0,1024.0,341.8333333333333,838.0,55.55333333333332,44.44666666666668,10.0,18.34,61.665000000000006,20.0,18.335,1,PF(cost=2.0),[190],0.0,0.3115515853204263,0.8084013812953881,0.13159861870461204,0.16159861870461192,0.0,0.0,False,False,False,False,75287fd2-86dd-49b1-a1ab-8a4444b6999f
3,low_traffic,67,61,discrete,resource_efficient,0,eMBB,29.3376,70288.0,36672.0,942923.0,1884309.0,50.0,50.0,23.0,61.67,61.665000000000006,20.0,18.335,1,PF(cost=2.0),[190],0.0,0.3788930644667426,0.80227821387905,0.13772178612095007,0.16772178612095004,0.0,0.0,False,True,False,False,75287fd2-86dd-49b1-a1ab-8a4444b6999f
3,low_traffic,67,61,discrete,resource_efficient,1,URLLC,0.0,1872.0,0.0,558.5,866.0,100.0,0.0,24.0,20.0,61.665000000000006,20.0,18.335,1,PF(cost=2.0),[190],0.0,0.3788930644667426,0.80227821387905,0.13772178612095007,0.16772178612095004,0.0,0.0,False,False,False,False,75287fd2-86dd-49b1-a1ab-8a4444b6999f
3,low_traffic,67,61,discrete,resource_efficient,2,MTC,0.8192,1536.0,1024.0,235.83333333333334,665.0,33.333333333333336,66.66666666666666,4.0,18.34,61.665000000000006,20.0,18.335,1,PF(cost=2.0),[190],0.0,0.3788930644667426,0.80227821387905,0.13772178612095007,0.16772178612095004,0.0,0.0,False,False,False,False,75287fd2-86dd-49b1-a1ab-8a4444b6999f
3,low_traffic,67,62,discrete,resource_efficient,0,eMBB,29.3376,70288.0,36672.0,945987.0,1884309.0,50.0,50.0,23.0,61.67,61.665000000000006,20.0,18.335,1,PF(cost=2.0),[190],0.0,0.37892760731185315,0.8029675320127798,0.13703246798722019,0.16703246798722018,0.0,0.0,False,True,False,False,75287fd2-86dd-49b1-a1ab-8a4444b6999f
3,low_traffic,67,62,discrete,resource_efficient,1,URLLC,0.0,2028.0,0.0,169.0,251.0,100.0,0.0,26.0,20.0,61.665000000000006,20.0,18.335,1,PF(cost=2.0),[190],0.0,0.37892760731185315,0.8029675320127798,0.13703246798722019,0.16703246798722018,0.0,0.0,False,False,False,False,75287fd2-86dd-49b1-a1ab-8a4444b6999f
3,low_traffic,67,62,discrete,resource_efficient,2,MTC,0.8192,1536.0,1024.0,235.83333333333334,665.0,33.333333333333336,66.66666666666666,4.0,18.34,61.665000000000006,20.0,18.335,1,PF(cost=2.0),[190],0.0,0.37892760731185315,0.8029675320127798,0.13703246798722019,0.16703246798722018,0.0,0.0,False,False,False,False,75287fd2-86dd-49b1-a1ab-8a4444b6999f
3,low_traffic,67,63,discrete,resource_efficient,0,eMBB,29.3376,70288.0,36672.0,971913.0,1942289.0,50.0,50.0,23.0,61.67,61.665000000000006,20.0,18.335,1,PF(cost=2.0),[190],0.0,0.37879516564186255,0.8016625474604367,0.13833745253956325,0.16833745253956325,0.0,0.0,False,True,False,False,75287fd2-86dd-49b1-a1ab-8a4444b6999f
3,low_traffic,67,63,discrete,resource_efficient,1,URLLC,0.0,1872.0,0.0,410.5,734.0,100.0,0.0,24.0,20.0,61.665000000000006,20.0,18.335,1,PF(cost=2.0),[190],0.0,0.37879516564186255,0.8016625474604367,0.13833745253956325,0.16833745253956325,0.0,0.0,False,False,False,False,75287fd2-86dd-49b1-a1ab-8a4444b6999f
3,low_traffic,67,63,discrete,resource_efficient,2,MTC,0.8192,1536.0,1024.0,225.0,665.0,33.333333333333336,66.66666666666666,4.0,18.34,61.665000000000006,20.0,18.335,1,PF(cost=2.0),[190],0.0,0.37879516564186255,0.8016625474604367,0.13833745253956325,0.16833745253956325,0.0,0.0,False,False,False,False,75287fd2-86dd-49b1-a1ab-8a4444b6999f
3,low_traffic,67,64,discrete,resource_efficient,0,eMBB,28.1152,70288.0,35144.0,985514.5,1969492.0,50.0,50.0,23.0,61.67,61.665000000000006,20.0,18.335,1,PF(cost=2.0),[190],0.0,0.3646105345567837,0.8026255388504608,0.13737446114953927,0.16737446114953916,0.0,0.0,False,True,False,False,75287fd2-86dd-49b1-a1ab-8a4444b6999f
3,low_traffic,67,64,discrete,resource_efficient,1,URLLC,0.0,2028.0,0.0,529.0,898.0,100.0,0.0,26.0,20.0,61.665000000000006,20.0,18.335,1,PF(cost=2.0),[190],0.0,0.3646105345567837,0.8026255388504608,0.13737446114953927,0.16737446114953916,0.0,0.0,False,False,False,False,75287fd2-86dd-49b1-a1ab-8a4444b6999f
3,low_traffic,67,64,discrete,resource_efficient,2,MTC,0.8192,1536.0,1024.0,225.0,665.0,33.333333333333336,66.66666666666666,4.0,18.34,61.665000000000006,20.0,18.335,1,PF(cost=2.0),[190],0.0,0.3646105345567837,0.8026255388504608,0.13737446114953927,0.16737446114953916,0.0,0.0,False,False,False,False,75287fd2-86dd-49b1-a1ab-8a4444b6999f
3,low_traffic,67,65,discrete,resource_efficient,0,eMBB,28.1152,70288.0,35144.0,999864.0,1998191.0,50.0,50.0,23.0,61.67,61.665000000000006,20.0,18.335,1,PF(cost=2.0),[190],0.0,0.44973852055871405,0.7951311601026821,0.1448688398973179,0.17486883989731786,0.0,0.0,False,True,False,False,75287fd2-86dd-49b1-a1ab-8a4444b6999f
3,low_traffic,67,65,discrete,resource_efficient,1,URLLC,5.1792,1872.0,6474.0,492.5,898.0,50.0,50.0,12.0,20.0,61.665000000000006,20.0,18.335,1,PF(cost=2.0),[190],0.0,0.44973852055871405,0.7951311601026821,0.1448688398973179,0.17486883989731786,0.0,0.0,False,False,False,False,75287fd2-86dd-49b1-a1ab-8a4444b6999f
3,low_traffic,67,65,discrete,resource_efficient,2,MTC,0.8192,1536.0,1024.0,269.0,665.0,33.333333333333336,66.66666666666666,4.0,18.34,61.665000000000006,20.0,18.335,1,PF(cost=2.0),[190],0.0,0.44973852055871405,0.7951311601026821,0.1448688398973179,0.17486883989731786,0.0,0.0,False,False,False,False,75287fd2-86dd-49b1-a1ab-8a4444b6999f
3,low_traffic,67,66,discrete,resource_efficient,0,eMBB,28.1152,70288.0,35144.0,999864.0,1998191.0,50.0,50.0,23.0,46.66,46.665,20.0,33.335,1,PF(cost=2.0),[154],0.0,0.30466037092305764,0.6505124951518202,0.28948750484817987,0.3194875048481798,0.15000000000000002,0.0,False,True,False,False,75287fd2-86dd-49b1-a1ab-8a4444b6999f
3,low_traffic,67,66,discrete,resource_efficient,1,URLLC,0.1872,2028.0,234.0,251.0,415.0,88.46000000000001,11.539999999999992,23.0,20.0,46.665,20.0,33.335,1,PF(cost=2.0),[154],0.0,0.30466037092305764,0.6505124951518202,0.28948750484817987,0.3194875048481798,0.15000000000000002,0.0,False,False,False,False,75287fd2-86dd-49b1-a1ab-8a4444b6999f
3,low_traffic,67,66,discrete,resource_efficient,2,MTC,0.8192,1536.0,1024.0,269.0,665.0,33.333333333333336,66.66666666666666,4.0,33.34,46.665,20.0,33.335,1,PF(cost=2.0),[154],0.0,0.30466037092305764,0.6505124951518202,0.28948750484817987,0.3194875048481798,0.15000000000000002,0.0,False,False,False,False,75287fd2-86dd-49b1-a1ab-8a4444b6999f
3,low_traffic,67,67,discrete,resource_efficient,0,eMBB,24.448,70288.0,30560.0,1023963.5,2046390.0,56.519999999999996,43.480000000000004,26.0,41.66,41.665,35.0,23.335,0,RR(cost=1.0),[144],0.0,0.29690738503181263,0.595486277647088,0.344513722352912,0.37451372235291214,0.15000000000000002,0.0,False,True,False,False,75287fd2-86dd-49b1-a1ab-8a4444b6999f
3,low_traffic,67,67,discrete,resource_efficient,1,URLLC,1.3104,1872.0,1638.0,374.0,661.0,50.0,50.0,12.0,35.0,41.665,35.0,23.335,0,RR(cost=1.0),[144],0.0,0.29690738503181263,0.595486277647088,0.344513722352912,0.37451372235291214,0.15000000000000002,0.0,False,False,False,False,75287fd2-86dd-49b1-a1ab-8a4444b6999f
3,low_traffic,67,67,discrete,resource_efficient,2,MTC,0.8192,1536.0,1024.0,495.8333333333333,2290.0,33.333333333333336,66.66666666666666,4.0,23.34,41.665,35.0,23.335,0,RR(cost=1.0),[144],0.0,0.29690738503181263,0.595486277647088,0.344513722352912,0.37451372235291214,0.15000000000000002,0.0,False,False,False,False,75287fd2-86dd-49b1-a1ab-8a4444b6999f
3,low_traffic,67,68,discrete,resource_efficient,0,eMBB,29.3376,70288.0,36672.0,1046881.5,2091130.0,50.0,50.0,23.0,41.66,41.665,35.0,23.335,0,RR(cost=1.0),[144],0.0,0.28947500967011697,0.600706484357326,0.339293515642674,0.369293515642674,0.0,0.0,False,True,False,False,75287fd2-86dd-49b1-a1ab-8a4444b6999f
3,low_traffic,67,68,discrete,resource_efficient,1,URLLC,0.1248,2028.0,156.0,128.0,169.0,92.31,7.689999999999998,24.0,35.0,41.665,35.0,23.335,0,RR(cost=1.0),[144],0.0,0.28947500967011697,0.600706484357326,0.339293515642674,0.369293515642674,0.0,0.0,False,False,False,False,75287fd2-86dd-49b1-a1ab-8a4444b6999f
3,low_traffic,67,68,discrete,resource_efficient,2,MTC,0.8192,1536.0,1024.0,426.8333333333333,1876.0,33.333333333333336,66.66666666666666,4.0,23.34,41.665,35.0,23.335,0,RR(cost=1.0),[144],0.0,0.28947500967011697,0.600706484357326,0.339293515642674,0.369293515642674,0.0,0.0,False,False,False,False,75287fd2-86dd-49b1-a1ab-8a4444b6999f
3,low_traffic,67,69,discrete,resource_efficient,0,eMBB,29.3376,70288.0,36672.0,1061075.5,2116018.0,50.0,50.0,23.0,41.66,41.665,35.0,23.335,0,RR(cost=1.0),[144],0.0,0.33467015331199945,0.5950891810618029,0.3449108189381971,0.3749108189381971,0.0,0.0,False,True,False,False,75287fd2-86dd-49b1-a1ab-8a4444b6999f
3,low_traffic,67,69,discrete,resource_efficient,1,URLLC,0.8736,1872.0,1092.0,538.0,989.0,50.0,50.0,12.0,35.0,41.665,35.0,23.335,0,RR(cost=1.0),[144],0.0,0.33467015331199945,0.5950891810618029,0.3449108189381971,0.3749108189381971,0.0,0.0,False,False,False,False,75287fd2-86dd-49b1-a1ab-8a4444b6999f
3,low_traffic,67,69,discrete,resource_efficient,2,MTC,1.2288,1536.0,1536.0,448.8333333333333,1876.0,33.333333333333336,66.66666666666666,4.0,23.34,41.665,35.0,23.335,0,RR(cost=1.0),[144],0.0,0.33467015331199945,0.5950891810618029,0.3449108189381971,0.3749108189381971,0.0,0.0,False,False,False,False,75287fd2-86dd-49b1-a1ab-8a4444b6999f
3,low_traffic,67,70,discrete,resource_efficient,0,eMBB,29.3376,70288.0,36672.0,1070387.5,2139238.0,50.0,50.0,23.0,41.66,41.665,35.0,23.335,0,RR(cost=1.0),[144],0.0,0.3441895145476116,0.5943207597046595,0.34567924029534053,0.3756792402953405,0.0,0.0,False,True,False,False,75287fd2-86dd-49b1-a1ab-8a4444b6999f
3,low_traffic,67,70,discrete,resource_efficient,1,URLLC,1.56,2028.0,1950.0,210.0,333.0,50.0,50.0,13.0,35.0,41.665,35.0,23.335,0,RR(cost=1.0),[144],0.0,0.3441895145476116,0.5943207597046595,0.34567924029534053,0.3756792402953405,0.0,0.0,False,False,False,False,75287fd2-86dd-49b1-a1ab-8a4444b6999f
3,low_traffic,67,70,discrete,resource_efficient,2,MTC,0.8192,1536.0,1024.0,137.0,137.0,33.333333333333336,66.66666666666666,4.0,23.34,41.665,35.0,23.335,0,RR(cost=1.0),[144],0.0,0.3441895145476116,0.5943207597046595,0.34567924029534053,0.3756792402953405,0.0,0.0,False,False,False,False,75287fd2-86dd-49b1-a1ab-8a4444b6999f
3,low_traffic,67,71,discrete,resource_efficient,0,eMBB,28.1152,67232.0,35144.0,1093365.5,2185194.0,50.0,50.0,22.0,41.66,41.665,35.0,23.335,0,RR(cost=1.0),[144],0.0,0.2841611084164606,0.5993587107602192,0.34064128923978076,0.3706412892397808,0.0,0.0,False,True,False,False,75287fd2-86dd-49b1-a1ab-8a4444b6999f
3,low_traffic,67,71,discrete,resource_efficient,1,URLLC,0.0,1872.0,0.0,333.0,333.0,100.0,0.0,24.0,35.0,41.665,35.0,23.335,0,RR(cost=1.0),[144],0.0,0.2841611084164606,0.5993587107602192,0.34064128923978076,0.3706412892397808,0.0,0.0,False,False,False,False,75287fd2-86dd-49b1-a1ab-8a4444b6999f
3,low_traffic,67,71,discrete,resource_efficient,2,MTC,0.8192,1536.0,1024.0,159.0,269.0,33.333333333333336,66.66666666666666,4.0,23.34,41.665,35.0,23.335,0,RR(cost=1.0),[144],0.0,0.2841611084164606,0.5993587107602192,0.34064128923978076,0.3706412892397808,0.0,0.0,False,False,False,False,75287fd2-86dd-49b1-a1ab-8a4444b6999f
3,low_traffic,67,72,discrete,resource_efficient,0,eMBB,28.1152,70288.0,35144.0,1115577.5,2229618.0,50.0,50.0,23.0,41.66,41.665,35.0,23.335,0,RR(cost=1.0),[144],0.0,0.3308592315828467,0.5977339192463526,0.3422660807536474,0.3722660807536474,0.0,0.0,False,True,False,False,75287fd2-86dd-49b1-a1ab-8a4444b6999f
3,low_traffic,67,72,discrete,resource_efficient,1,URLLC,2.6208,2028.0,3276.0,374.0,415.0,50.0,50.0,13.0,35.0,41.665,35.0,23.335,0,RR(cost=1.0),[144],0.0,0.3308592315828467,0.5977339192463526,0.3422660807536474,0.3722660807536474,0.0,0.0,False,False,False,False,75287fd2-86dd-49b1-a1ab-8a4444b6999f
3,low_traffic,67,72,discrete,resource_efficient,2,MTC,0.9216,2304.0,1152.0,159.0,269.0,49.99833333333333,50.00166666666667,9.0,23.34,41.665,35.0,23.335,0,RR(cost=1.0),[144],0.0,0.3308592315828467,0.5977339192463526,0.3422660807536474,0.3722660807536474,0.0,0.0,False,False,False,False,75287fd2-86dd-49b1-a1ab-8a4444b6999f
3,low_traffic,67,73,discrete,resource_efficient,0,eMBB,26.8928,70288.0,33616.0,1134731.5,2267926.0,52.175,47.825,24.0,41.66,41.665,35.0,23.335,0,RR(cost=1.0),[144],0.0,0.2625640322026296,0.6008119115357002,0.33918808846429965,0.36918808846429974,0.0,0.0,False,True,False,False,75287fd2-86dd-49b1-a1ab-8a4444b6999f
3,low_traffic,67,73,discrete,resource_efficient,1,URLLC,0.0,1872.0,0.0,2014.0,3613.0,100.0,0.0,24.0,35.0,41.665,35.0,23.335,0,RR(cost=1.0),[144],0.0,0.2625640322026296,0.6008119115357002,0.33918808846429965,0.36918808846429974,0.0,0.0,False,False,False,False,75287fd2-86dd-49b1-a1ab-8a4444b6999f
3,low_traffic,67,73,discrete,resource_efficient,2,MTC,0.8192,1536.0,1024.0,181.0,401.0,33.333333333333336,66.66666666666666,4.0,23.34,41.665,35.0,23.335,0,RR(cost=1.0),[144],0.0,0.2625640322026296,0.6008119115357002,0.33918808846429965,0.36918808846429974,0.0,0.0,False,False,False,False,75287fd2-86dd-49b1-a1ab-8a4444b6999f
3,low_traffic,67,74,discrete,resource_efficient,0,eMBB,24.448,70288.0,30560.0,1151175.0,2300813.0,56.519999999999996,43.480000000000004,26.0,41.66,41.665,35.0,23.335,0,RR(cost=1.0),[144],0.0,0.25635982720975303,0.5987024185245017,0.34129758147549827,0.3712975814754983,0.0,0.0,False,True,False,False,75287fd2-86dd-49b1-a1ab-8a4444b6999f
3,low_traffic,67,74,discrete,resource_efficient,1,URLLC,0.3744,2028.0,468.0,2013.0,3613.0,76.925,23.075000000000003,20.0,35.0,41.665,35.0,23.335,0,RR(cost=1.0),[144],0.0,0.25635982720975303,0.5987024185245017,0.34129758147549827,0.3712975814754983,0.0,0.0,False,False,False,False,75287fd2-86dd-49b1-a1ab-8a4444b6999f
3,low_traffic,67,74,discrete,resource_efficient,2,MTC,0.8192,1536.0,1024.0,137.0,137.0,33.333333333333336,66.66666666666666,4.0,23.34,41.665,35.0,23.335,0,RR(cost=1.0),[144],0.0,0.25635982720975303,0.5987024185245017,0.34129758147549827,0.3712975814754983,0.0,0.0,False,False,False,False,75287fd2-86dd-49b1-a1ab-8a4444b6999f
3,low_traffic,67,75,discrete,resource_efficient,0,eMBB,29.3376,70288.0,36672.0,1163085.0,2323549.0,50.0,50.0,23.0,41.66,41.665,35.0,23.335,0,RR(cost=1.0),[144],0.0,0.315096590315711,0.5950260250252887,0.34497397497471133,0.3749739749747113,0.0,0.0,False,True,False,False,75287fd2-86dd-49b1-a1ab-8a4444b6999f
3,low_traffic,67,75,discrete,resource_efficient,1,URLLC,0.7488,1872.0,936.0,1850.0,3613.0,50.0,50.0,12.0,35.0,41.665,35.0,23.335,0,RR(cost=1.0),[144],0.0,0.315096590315711,0.5950260250252887,0.34497397497471133,0.3749739749747113,0.0,0.0,False,False,False,False,75287fd2-86dd-49b1-a1ab-8a4444b6999f
3,low_traffic,67,75,discrete,resource_efficient,2,MTC,0.8192,1536.0,1024.0,181.0,269.0,33.333333333333336,66.66666666666666,4.0,23.34,41.665,35.0,23.335,0,RR(cost=1.0),[144],0.0,0.315096590315711,0.5950260250252887,0.34497397497471133,0.3749739749747113,0.0,0.0,False,False,False,False,75287fd2-86dd-49b1-a1ab-8a4444b6999f
3,low_traffic,67,76,discrete,resource_efficient,0,eMBB,29.3376,70288.0,36672.0,1182619.0,2357573.0,50.0,50.0,23.0,31.66,31.665,35.0,33.335,1,PF(cost=2.0),[100],0.0,0.25478058588162555,0.49712062155588244,0.4428793784441175,0.47287937844411754,0.1,0.0,False,True,False,False,75287fd2-86dd-49b1-a1ab-8a4444b6999f
3,low_traffic,67,76,discrete,resource_efficient,1,URLLC,0.5616,2028.0,702.0,1891.0,3613.0,65.385,34.614999999999995,17.0,35.0,31.665,35.0,33.335,1,PF(cost=2.0),[100],0.0,0.25478058588162555,0.49712062155588244,0.4428793784441175,0.47287937844411754,0.1,0.0,False,False,False,False,75287fd2-86dd-49b1-a1ab-8a4444b6999f
3,low_traffic,67,76,discrete,resource_efficient,2,MTC,0.8192,1536.0,1024.0,159.0,269.0,33.333333333333336,66.66666666666666,4.0,33.34,31.665,35.0,33.335,1,PF(cost=2.0),[100],0.0,0.25478058588162555,0.49712062155588244,0.4428793784441175,0.47287937844411754,0.1,0.0,False,False,False,False,75287fd2-86dd-49b1-a1ab-8a4444b6999f
3,low_traffic,67,77,discrete,resource_efficient,0,eMBB,29.3376,70288.0,36672.0,1188646.0,2375755.0,50.0,50.0,23.0,31.66,31.665,35.0,33.335,1,PF(cost=2.0),[100],0.0,0.23668862570432828,0.5014421593636643,0.43855784063633574,0.46855784063633565,0.0,0.0,False,True,False,False,75287fd2-86dd-49b1-a1ab-8a4444b6999f
3,low_traffic,67,77,discrete,resource_efficient,1,URLLC,0.0,1872.0,0.0,3079.5,6072.0,100.0,0.0,24.0,35.0,31.665,35.0,33.335,1,PF(cost=2.0),[100],0.0,0.23668862570432828,0.5014421593636643,0.43855784063633574,0.46855784063633565,0.0,0.0,False,False,False,False,75287fd2-86dd-49b1-a1ab-8a4444b6999f
3,low_traffic,67,77,discrete,resource_efficient,2,MTC,0.8192,1536.0,1024.0,181.0,269.0,33.333333333333336,66.66666666666666,4.0,33.34,31.665,35.0,33.335,1,PF(cost=2.0),[100],0.0,0.23668862570432828,0.5014421593636643,0.43855784063633574,0.46855784063633565,0.0,0.0,False,False,False,False,75287fd2-86dd-49b1-a1ab-8a4444b6999f
3,low_traffic,67,78,discrete,resource_efficient,0,eMBB,28.1152,70288.0,35144.0,1209959.0,2418381.0,50.0,50.0,23.0,26.66,26.665,45.0,28.335,0,RR(cost=1.0),[78],0.0,0.2529258571144956,0.44642758003934424,0.4935724199606557,0.5235724199606557,0.10000000000000003,0.0,False,True,False,False,75287fd2-86dd-49b1-a1ab-8a4444b6999f
3,low_traffic,67,78,discrete,resource_efficient,1,URLLC,2.6832,2028.0,3354.0,3030.5,5974.0,50.0,50.0,13.0,45.0,26.665,45.0,28.335,0,RR(cost=1.0),[78],0.0,0.2529258571144956,0.44642758003934424,0.4935724199606557,0.5235724199606557,0.10000000000000003,0.0,False,False,False,False,75287fd2-86dd-49b1-a1ab-8a4444b6999f
3,low_traffic,67,78,discrete,resource_efficient,2,MTC,0.8192,1536.0,1024.0,181.0,269.0,33.333333333333336,66.66666666666666,4.0,28.34,26.665,45.0,28.335,0,RR(cost=1.0),[78],0.0,0.2529258571144956,0.44642758003934424,0.4935724199606557,0.5235724199606557,0.10000000000000003,0.0,False,False,False,False,75287fd2-86dd-49b1-a1ab-8a4444b6999f
3,low_traffic,67,79,discrete,resource_efficient,0,eMBB,28.1152,70288.0,35144.0,1220839.0,2440141.0,50.0,50.0,23.0,31.66,31.665,35.0,33.335,1,PF(cost=2.0),[100],0.0,0.23936083224415242,0.501078364897422,0.43892163510257803,0.468921635102578,0.10000000000000003,0.0,False,True,False,False,75287fd2-86dd-49b1-a1ab-8a4444b6999f
3,low_traffic,67,79,discrete,resource_efficient,1,URLLC,0.0,1872.0,0.0,3276.0,6301.0,100.0,0.0,24.0,35.0,31.665,35.0,33.335,1,PF(cost=2.0),[100],0.0,0.23936083224415242,0.501078364897422,0.43892163510257803,0.468921635102578,0.10000000000000003,0.0,False,False,False,False,75287fd2-86dd-49b1-a1ab-8a4444b6999f
3,low_traffic,67,79,discrete,resource_efficient,2,MTC,1.2288,1536.0,1536.0,159.0,269.0,33.333333333333336,66.66666666666666,4.0,33.34,31.665,35.0,33.335,1,PF(cost=2.0),[100],0.0,0.23936083224415242,0.501078364897422,0.43892163510257803,0.468921635102578,0.10000000000000003,0.0,False,False,False,False,75287fd2-86dd-49b1-a1ab-8a4444b6999f
3,low_traffic,67,80,discrete,resource_efficient,0,eMBB,28.1152,70288.0,35144.0,1241223.5,2480910.0,50.0,50.0,23.0,61.67,61.665000000000006,25.0,13.334999999999999,1,PF(cost=2.0),[193],0.0,0.3640315075878474,0.8017212970558921,0.13827870294410788,0.16827870294410788,0.30000000000000004,0.0,False,True,False,False,75287fd2-86dd-49b1-a1ab-8a4444b6999f
3,low_traffic,67,80,discrete,resource_efficient,1,URLLC,0.0,2028.0,0.0,3276.0,6301.0,100.0,0.0,26.0,25.0,61.665000000000006,25.0,13.334999999999999,1,PF(cost=2.0),[193],0.0,0.3640315075878474,0.8017212970558921,0.13827870294410788,0.16827870294410788,0.30000000000000004,0.0,False,False,False,False,75287fd2-86dd-49b1-a1ab-8a4444b6999f
3,low_traffic,67,80,discrete,resource_efficient,2,MTC,0.8192,1536.0,1024.0,159.0,269.0,33.333333333333336,66.66666666666666,4.0,13.33,61.665000000000006,25.0,13.334999999999999,1,PF(cost=2.0),[193],0.0,0.3640315075878474,0.8017212970558921,0.13827870294410788,0.16827870294410788,0.30000000000000004,0.0,False,False,False,False,75287fd2-86dd-49b1-a1ab-8a4444b6999f
3,low_traffic,67,81,discrete,resource_efficient,0,eMBB,23.2256,70288.0,29032.0,1249945.5,2498354.0,58.695,41.305,27.0,21.66,21.665,60.00000000000001,18.335,0,RR(cost=1.0),[57],0.0,0.1714650954610825,0.3983556360834929,0.5416443639165072,0.5716443639165071,0.4000000000000001,0.0,False,True,False,False,75287fd2-86dd-49b1-a1ab-8a4444b6999f
3,low_traffic,67,81,discrete,resource_efficient,1,URLLC,0.936,1872.0,1170.0,4334.0,6531.0,50.0,50.0,12.0,60.0,21.665,60.00000000000001,18.335,0,RR(cost=1.0),[57],0.0,0.1714650954610825,0.3983556360834929,0.5416443639165072,0.5716443639165071,0.4000000000000001,0.0,False,False,False,False,75287fd2-86dd-49b1-a1ab-8a4444b6999f
3,low_traffic,67,81,discrete,resource_efficient,2,MTC,0.4096,1536.0,512.0,159.0,269.0,66.66666666666667,33.33333333333333,8.0,18.34,21.665,60.00000000000001,18.335,0,RR(cost=1.0),[57],0.0,0.1714650954610825,0.3983556360834929,0.5416443639165072,0.5716443639165071,0.4000000000000001,0.0,False,False,False,False,75287fd2-86dd-49b1-a1ab-8a4444b6999f
3,low_traffic,67,82,discrete,resource_efficient,0,eMBB,29.3376,70288.0,36672.0,1271643.0,2540384.0,50.0,50.0,23.0,36.67,36.665000000000006,45.0,18.335,1,PF(cost=2.0),[130],0.0,0.30060169150272736,0.5437846802970642,0.39621531970293594,0.4262153197029358,0.15000000000000008,0.0,False,True,False,False,75287fd2-86dd-49b1-a1ab-8a4444b6999f
3,low_traffic,67,82,discrete,resource_efficient,1,URLLC,0.8112,2028.0,1014.0,1898.0,2328.0,50.0,50.0,13.0,45.0,36.665000000000006,45.0,18.335,1,PF(cost=2.0),[130],0.0,0.30060169150272736,0.5437846802970642,0.39621531970293594,0.4262153197029358,0.15000000000000008,0.0,False,False,False,False,75287fd2-86dd-49b1-a1ab-8a4444b6999f
3,low_traffic,67,82,discrete,resource_efficient,2,MTC,1.2288,1536.0,1536.0,159.0,269.0,33.333333333333336,66.66666666666666,4.0,18.34,36.665000000000006,45.0,18.335,1,PF(cost=2.0),[130],0.0,0.30060169150272736,0.5437846802970642,0.39621531970293594,0.4262153197029358,0.15000000000000008,0.0,False,False,False,False,75287fd2-86dd-49b1-a1ab-8a4444b6999f
3,low_traffic,67,83,discrete,resource_efficient,0,eMBB,29.3376,67232.0,36672.0,1276979.0,2546293.0,50.0,50.0,22.0,36.67,36.665000000000006,45.0,18.335,1,PF(cost=2.0),[130],0.0,0.29163393311834274,0.5446061772104454,0.39539382278955476,0.42539382278955473,0.0,0.0,False,True,False,False,75287fd2-86dd-49b1-a1ab-8a4444b6999f
3,low_traffic,67,83,discrete,resource_efficient,1,URLLC,0.5616,1872.0,702.0,1289.5,2328.0,62.5,37.5,15.0,45.0,36.665000000000006,45.0,18.335,1,PF(cost=2.0),[130],0.0,0.29163393311834274,0.5446061772104454,0.39539382278955476,0.42539382278955473,0.0,0.0,False,False,False,False,75287fd2-86dd-49b1-a1ab-8a4444b6999f
3,low_traffic,67,83,discrete,resource_efficient,2,MTC,0.8192,1536.0,1024.0,159.0,269.0,33.333333333333336,66.66666666666666,4.0,18.34,36.665000000000006,45.0,18.335,1,PF(cost=2.0),[130],0.0,0.29163393311834274,0.5446061772104454,0.39539382278955476,0.42539382278955473,0.0,0.0,False,False,False,False,75287fd2-86dd-49b1-a1ab-8a4444b6999f
3,low_traffic,67,84,discrete,resource_efficient,0,eMBB,30.56,70288.0,38200.0,1299158.5,2595248.0,50.0,50.0,23.0,21.66,21.665,60.00000000000001,18.335,0,RR(cost=1.0),[57],0.0,0.21070444404607827,0.39638067083857276,0.5436193291614273,0.5736193291614272,0.15000000000000008,0.0,False,True,False,False,75287fd2-86dd-49b1-a1ab-8a4444b6999f
3,low_traffic,67,84,discrete,resource_efficient,1,URLLC,0.8112,2028.0,1014.0,210.0,333.0,50.0,50.0,13.0,60.0,21.665,60.00000000000001,18.335,0,RR(cost=1.0),[57],0.0,0.21070444404607827,0.39638067083857276,0.5436193291614273,0.5736193291614272,0.15000000000000008,0.0,False,False,False,False,75287fd2-86dd-49b1-a1ab-8a4444b6999f
3,low_traffic,67,84,discrete,resource_efficient,2,MTC,0.8192,2304.0,1024.0,159.0,269.0,55.55333333333332,44.44666666666668,10.0,18.34,21.665,60.00000000000001,18.335,0,RR(cost=1.0),[57],0.0,0.21070444404607827,0.39638067083857276,0.5436193291614273,0.5736193291614272,0.15000000000000008,0.0,False,False,False,False,75287fd2-86dd-49b1-a1ab-8a4444b6999f
3,low_traffic,67,85,discrete,resource_efficient,0,eMBB,26.8928,70288.0,33616.0,1314192.0,2625315.0,52.175,47.825,24.0,46.66,46.665,25.0,28.335,1,PF(cost=2.0),[157],0.0,0.3065447709879578,0.64405814557239,0.2959418544276099,0.3259418544276099,0.35000000000000003,0.0,False,True,False,False,75287fd2-86dd-49b1-a1ab-8a4444b6999f
3,low_traffic,67,85,discrete,resource_efficient,1,URLLC,0.4992,1872.0,624.0,210.0,333.0,66.66499999999999,33.33500000000001,16.0,25.0,46.665,25.0,28.335,1,PF(cost=2.0),[157],0.0,0.3065447709879578,0.64405814557239,0.2959418544276099,0.3259418544276099,0.35000000000000003,0.0,False,False,False,False,75287fd2-86dd-49b1-a1ab-8a4444b6999f
3,low_traffic,67,85,discrete,resource_efficient,2,MTC,0.8192,1536.0,1024.0,574.8333333333334,1457.0,33.333333333333336,66.66666666666666,4.0,28.34,46.665,25.0,28.335,1,PF(cost=2.0),[157],0.0,0.3065447709879578,0.64405814557239,0.2959418544276099,0.3259418544276099,0.35000000000000003,0.0,False,False,False,False,75287fd2-86dd-49b1-a1ab-8a4444b6999f
3,low_traffic,67,86,discrete,resource_efficient,0,eMBB,28.1152,70288.0,35144.0,1317123.5,2632710.0,50.0,50.0,23.0,46.66,46.665,25.0,28.335,1,PF(cost=2.0),[157],0.0,0.2955806439438526,0.6480912300794237,0.29190876992057635,0.32190876992057627,0.0,0.0,False,True,False,False,75287fd2-86dd-49b1-a1ab-8a4444b6999f
3,low_traffic,67,86,discrete,resource_efficient,1,URLLC,0.0,2028.0,0.0,374.0,415.0,100.0,0.0,26.0,25.0,46.665,25.0,28.335,1,PF(cost=2.0),[157],0.0,0.2955806439438526,0.6480912300794237,0.29190876992057635,0.32190876992057627,0.0,0.0,False,False,False,False,75287fd2-86dd-49b1-a1ab-8a4444b6999f
3,low_traffic,67,86,discrete,resource_efficient,2,MTC,0.8192,1536.0,1024.0,379.0,1457.0,33.333333333333336,66.66666666666666,4.0,28.34,46.665,25.0,28.335,1,PF(cost=2.0),[157],0.0,0.2955806439438526,0.6480912300794237,0.29190876992057635,0.32190876992057627,0.0,0.0,False,False,False,False,75287fd2-86dd-49b1-a1ab-8a4444b6999f
3,low_traffic,67,87,discrete,resource_efficient,0,eMBB,25.6704,70288.0,32088.0,1345623.0,2689709.0,54.35,45.65,25.0,46.66,46.665,25.0,28.335,1,PF(cost=2.0),[157],0.0,0.27205368842839006,0.6463850425721972,0.2936149574278028,0.3236149574278028,0.0,0.0,False,True,False,False,75287fd2-86dd-49b1-a1ab-8a4444b6999f
3,low_traffic,67,87,discrete,resource_efficient,1,URLLC,0.0,1872.0,0.0,171.0,255.0,100.0,0.0,24.0,25.0,46.665,25.0,28.335,1,PF(cost=2.0),[157],0.0,0.27205368842839006,0.6463850425721972,0.2936149574278028,0.3236149574278028,0.0,0.0,False,False,False,False,75287fd2-86dd-49b1-a1ab-8a4444b6999f
3,low_traffic,67,87,discrete,resource_efficient,2,MTC,0.8192,1536.0,1024.0,137.0,137.0,33.333333333333336,66.66666666666666,4.0,28.34,46.665,25.0,28.335,1,PF(cost=2.0),[157],0.0,0.27205368842839006,0.6463850425721972,0.2936149574278028,0.3236149574278028,0.0,0.0,False,False,False,False,75287fd2-86dd-49b1-a1ab-8a4444b6999f
3,low_traffic,67,88,discrete,resource_efficient,0,eMBB,26.8928,70288.0,33616.0,1364769.5,2726470.0,52.175,47.825,24.0,46.66,46.665,25.0,28.335,1,PF(cost=2.0),[157],0.0,0.35115776924321523,0.6423239247670143,0.29767607523298567,0.3276760752329857,0.0,0.0,False,True,False,False,75287fd2-86dd-49b1-a1ab-8a4444b6999f
3,low_traffic,67,88,discrete,resource_efficient,1,URLLC,3.2448,2028.0,4056.0,538.0,743.0,50.0,50.0,13.0,25.0,46.665,25.0,28.335,1,PF(cost=2.0),[157],0.0,0.35115776924321523,0.6423239247670143,0.29767607523298567,0.3276760752329857,0.0,0.0,False,False,False,False,75287fd2-86dd-49b1-a1ab-8a4444b6999f
3,low_traffic,67,88,discrete,resource_efficient,2,MTC,0.8192,1536.0,1024.0,159.0,269.0,33.333333333333336,66.66666666666666,4.0,28.34,46.665,25.0,28.335,1,PF(cost=2.0),[157],0.0,0.35115776924321523,0.6423239247670143,0.29767607523298567,0.3276760752329857,0.0,0.0,False,False,False,False,75287fd2-86dd-49b1-a1ab-8a4444b6999f
3,low_traffic,67,89,discrete,resource_efficient,0,eMBB,29.3376,70288.0,36672.0,1383274.5,2762973.0,50.0,50.0,23.0,46.66,46.665,25.0,28.335,1,PF(cost=2.0),[157],0.0,0.30659752194034057,0.6462000089988494,0.2937999910011506,0.32379999100115053,0.0,0.0,False,True,False,False,75287fd2-86dd-49b1-a1ab-8a4444b6999f
3,low_traffic,67,89,discrete,resource_efficient,1,URLLC,0.0,1872.0,0.0,251.0,415.0,100.0,0.0,24.0,25.0,46.665,25.0,28.335,1,PF(cost=2.0),[157],0.0,0.30659752194034057,0.6462000089988494,0.2937999910011506,0.32379999100115053,0.0,0.0,False,False,False,False,75287fd2-86dd-49b1-a1ab-8a4444b6999f
3,low_traffic,67,89,discrete,resource_efficient,2,MTC,0.8192,1536.0,1024.0,159.0,269.0,33.333333333333336,66.66666666666666,4.0,28.34,46.665,25.0,28.335,1,PF(cost=2.0),[157],0.0,0.30659752194034057,0.6462000089988494,0.2937999910011506,0.32379999100115053,0.0,0.0,False,False,False,False,75287fd2-86dd-49b1-a1ab-8a4444b6999f
3,low_traffic,67,90,discrete,resource_efficient,0,eMBB,29.3376,70288.0,36672.0,1389271.5,2772410.0,50.0,50.0,23.0,46.66,46.665,25.0,28.335,1,PF(cost=2.0),[157],0.0,0.3741448443290444,0.6422627785864243,0.2977372214135756,0.32773722141357564,0.0,0.0,False,True,False,False,75287fd2-86dd-49b1-a1ab-8a4444b6999f
3,low_traffic,67,90,discrete,resource_efficient,1,URLLC,2.184,2028.0,2730.0,579.0,989.0,50.0,50.0,13.0,25.0,46.665,25.0,28.335,1,PF(cost=2.0),[157],0.0,0.3741448443290444,0.6422627785864243,0.2977372214135756,0.32773722141357564,0.0,0.0,False,False,False,False,75287fd2-86dd-49b1-a1ab-8a4444b6999f
3,low_traffic,67,90,discrete,resource_efficient,2,MTC,0.8192,1536.0,1024.0,137.0,137.0,33.333333333333336,66.66666666666666,4.0,28.34,46.665,25.0,28.335,1,PF(cost=2.0),[157],0.0,0.3741448443290444,0.6422627785864243,0.2977372214135756,0.32773722141357564,0.0,0.0,False,False,False,False,75287fd2-86dd-49b1-a1ab-8a4444b6999f
3,low_traffic,67,91,discrete,resource_efficient,0,eMBB,29.3376,70288.0,36672.0,1386973.5,2772410.0,50.0,50.0,23.0,31.66,31.665,20.0,48.334999999999994,2,BCQI(cost=2.0),[92],0.0,0.24686045409683852,0.4960704193620107,0.44392958063798926,0.4739295806379894,0.19999999999999998,0.0,False,True,False,False,75287fd2-86dd-49b1-a1ab-8a4444b6999f
3,low_traffic,67,91,discrete,resource_efficient,1,URLLC,0.0,1872.0,0.0,292.0,415.0,100.0,0.0,24.0,20.0,31.665,20.0,48.334999999999994,2,BCQI(cost=2.0),[92],0.0,0.24686045409683852,0.4960704193620107,0.44392958063798926,0.4739295806379894,0.19999999999999998,0.0,False,False,False,False,75287fd2-86dd-49b1-a1ab-8a4444b6999f
3,low_traffic,67,91,discrete,resource_efficient,2,MTC,1.2288,1536.0,1536.0,137.0,137.0,33.333333333333336,66.66666666666666,4.0,48.32999999999999,31.665,20.0,48.334999999999994,2,BCQI(cost=2.0),[92],0.0,0.24686045409683852,0.4960704193620107,0.44392958063798926,0.4739295806379894,0.19999999999999998,0.0,False,False,False,False,75287fd2-86dd-49b1-a1ab-8a4444b6999f
3,low_traffic,67,92,discrete,resource_efficient,0,eMBB,28.1152,70288.0,35144.0,1416394.0,2831251.0,50.0,50.0,23.0,36.67,36.665000000000006,40.0,23.335,1,PF(cost=2.0),[127],0.0,0.30576108322800943,0.5417582432495285,0.3982417567504717,0.4282417567504715,0.25,0.0,False,True,False,False,75287fd2-86dd-49b1-a1ab-8a4444b6999f
3,low_traffic,67,92,discrete,resource_efficient,1,URLLC,1.6224,2028.0,2028.0,251.0,333.0,50.0,50.0,13.0,40.0,36.665000000000006,40.0,23.335,1,PF(cost=2.0),[127],0.0,0.30576108322800943,0.5417582432495285,0.3982417567504717,0.4282417567504715,0.25,0.0,False,False,False,False,75287fd2-86dd-49b1-a1ab-8a4444b6999f
3,low_traffic,67,92,discrete,resource_efficient,2,MTC,0.8192,1536.0,1024.0,137.0,137.0,33.333333333333336,66.66666666666666,4.0,23.34,36.665000000000006,40.0,23.335,1,PF(cost=2.0),[127],0.0,0.30576108322800943,0.5417582432495285,0.3982417567504717,0.4282417567504715,0.25,0.0,False,False,False,False,75287fd2-86dd-49b1-a1ab-8a4444b6999f
3,low_traffic,67,93,discrete,resource_efficient,0,eMBB,28.1152,70288.0,35144.0,1443934.0,2886331.0,50.0,50.0,23.0,16.66,16.665,55.00000000000001,28.335,0,RR(cost=1.0),[21],0.0,0.1639143066230248,0.3448510589473005,0.5951489410526994,0.6251489410526995,0.20000000000000007,0.0,False,True,False,False,75287fd2-86dd-49b1-a1ab-8a4444b6999f
3,low_traffic,67,93,discrete,resource_efficient,1,URLLC,0.2496,1872.0,312.0,1009.0,1809.0,83.33500000000001,16.664999999999992,20.0,55.0,16.665,55.00000000000001,28.335,0,RR(cost=1.0),[21],0.0,0.1639143066230248,0.3448510589473005,0.5951489410526994,0.6251489410526995,0.20000000000000007,0.0,False,False,False,False,75287fd2-86dd-49b1-a1ab-8a4444b6999f
3,low_traffic,67,93,discrete,resource_efficient,2,MTC,0.8192,1536.0,1024.0,137.0,137.0,33.333333333333336,66.66666666666666,4.0,28.34,16.665,55.00000000000001,28.335,0,RR(cost=1.0),[21],0.0,0.1639143066230248,0.3448510589473005,0.5951489410526994,0.6251489410526995,0.20000000000000007,0.0,False,False,False,False,75287fd2-86dd-49b1-a1ab-8a4444b6999f
3,low_traffic,67,94,discrete,resource_efficient,0,eMBB,23.2256,70288.0,29032.0,1460529.5,2919522.0,58.695,41.305,27.0,16.66,16.665,55.00000000000001,28.335,0,RR(cost=1.0),[21],0.0,0.1403552899865141,0.3451939081929343,0.5948060918070658,0.6248060918070658,0.0,0.0,False,True,False,False,75287fd2-86dd-49b1-a1ab-8a4444b6999f
3,low_traffic,67,94,discrete,resource_efficient,1,URLLC,0.312,2028.0,390.0,989.0,1809.0,80.77,19.230000000000004,21.0,55.0,16.665,55.00000000000001,28.335,0,RR(cost=1.0),[21],0.0,0.1403552899865141,0.3451939081929343,0.5948060918070658,0.6248060918070658,0.0,0.0,False,False,False,False,75287fd2-86dd-49b1-a1ab-8a4444b6999f
3,low_traffic,67,94,discrete,resource_efficient,2,MTC,0.8192,1536.0,1024.0,181.0,401.0,33.333333333333336,66.66666666666666,4.0,28.34,16.665,55.00000000000001,28.335,0,RR(cost=1.0),[21],0.0,0.1403552899865141,0.3451939081929343,0.5948060918070658,0.6248060918070658,0.0,0.0,False,False,False,False,75287fd2-86dd-49b1-a1ab-8a4444b6999f
3,low_traffic,67,95,discrete,resource_efficient,0,eMBB,28.1152,67232.0,35144.0,1476114.5,2949267.0,50.0,50.0,22.0,16.66,16.665,55.00000000000001,28.335,0,RR(cost=1.0),[21],0.0,0.19321503423314793,0.34166707969428733,0.5983329203057126,0.6283329203057126,0.0,0.0,False,True,False,False,75287fd2-86dd-49b1-a1ab-8a4444b6999f
3,low_traffic,67,95,discrete,resource_efficient,1,URLLC,1.248,1872.0,1560.0,878.5,1424.0,50.0,50.0,12.0,55.0,16.665,55.00000000000001,28.335,0,RR(cost=1.0),[21],0.0,0.19321503423314793,0.34166707969428733,0.5983329203057126,0.6283329203057126,0.0,0.0,False,False,False,False,75287fd2-86dd-49b1-a1ab-8a4444b6999f
3,low_traffic,67,95,discrete,resource_efficient,2,MTC,0.8192,1536.0,1024.0,225.0,401.0,33.333333333333336,66.66666666666666,4.0,28.34,16.665,55.00000000000001,28.335,0,RR(cost=1.0),[21],0.0,0.19321503423314793,0.34166707969428733,0.5983329203057126,0.6283329203057126,0.0,0.0,False,False,False,False,75287fd2-86dd-49b1-a1ab-8a4444b6999f
3,low_traffic,67,96,discrete,resource_efficient,0,eMBB,25.6704,70288.0,32088.0,1491700.5,2972599.0,54.35,45.65,25.0,16.66,16.665,55.00000000000001,28.335,0,RR(cost=1.0),[21],0.0,0.15744946968830958,0.34515397536302583,0.5948460246369742,0.6248460246369741,0.0,0.0,False,True,False,False,75287fd2-86dd-49b1-a1ab-8a4444b6999f
3,low_traffic,67,96,discrete,resource_efficient,1,URLLC,0.7488,2028.0,936.0,169.0,251.0,53.845,46.155,14.0,55.0,16.665,55.00000000000001,28.335,0,RR(cost=1.0),[21],0.0,0.15744946968830958,0.34515397536302583,0.5948460246369742,0.6248460246369741,0.0,0.0,False,False,False,False,75287fd2-86dd-49b1-a1ab-8a4444b6999f
3,low_traffic,67,96,discrete,resource_efficient,2,MTC,0.8192,2304.0,1024.0,225.0,401.0,55.55333333333332,44.44666666666668,10.0,28.34,16.665,55.00000000000001,28.335,0,RR(cost=1.0),[21],0.0,0.15744946968830958,0.34515397536302583,0.5948460246369742,0.6248460246369741,0.0,0.0,False,False,False,False,75287fd2-86dd-49b1-a1ab-8a4444b6999f
3,low_traffic,67,97,discrete,resource_efficient,0,eMBB,33.0048,70288.0,41256.0,1502070.0,2996475.0,50.0,50.0,23.0,16.66,16.665,55.00000000000001,28.335,0,RR(cost=1.0),[21],0.0,0.19377185029998628,0.3426704023215925,0.5973295976784074,0.6273295976784075,0.0,0.0,False,True,False,False,75287fd2-86dd-49b1-a1ab-8a4444b6999f
3,low_traffic,67,97,discrete,resource_efficient,1,URLLC,0.4992,1872.0,624.0,722.5,743.0,66.66499999999999,33.33500000000001,16.0,55.0,16.665,55.00000000000001,28.335,0,RR(cost=1.0),[21],0.0,0.19377185029998628,0.3426704023215925,0.5973295976784074,0.6273295976784075,0.0,0.0,False,False,False,False,75287fd2-86dd-49b1-a1ab-8a4444b6999f
3,low_traffic,67,97,discrete,resource_efficient,2,MTC,0.8192,1536.0,1024.0,247.0,533.0,33.333333333333336,66.66666666666666,4.0,28.34,16.665,55.00000000000001,28.335,0,RR(cost=1.0),[21],0.0,0.19377185029998628,0.3426704023215925,0.5973295976784074,0.6273295976784075,0.0,0.0,False,False,False,False,75287fd2-86dd-49b1-a1ab-8a4444b6999f
3,low_traffic,67,98,discrete,resource_efficient,0,eMBB,29.3376,70288.0,36672.0,1520251.0,3038965.0,50.0,50.0,23.0,16.66,16.665,55.00000000000001,28.335,0,RR(cost=1.0),[21],0.0,0.18774390299268817,0.3414882990641871,0.598511700935813,0.6285117009358129,0.0,0.0,False,True,False,False,75287fd2-86dd-49b1-a1ab-8a4444b6999f
3,low_traffic,67,98,discrete,resource_efficient,1,URLLC,1.1232,2028.0,1404.0,415.0,743.0,50.0,50.0,13.0,55.0,16.665,55.00000000000001,28.335,0,RR(cost=1.0),[21],0.0,0.18774390299268817,0.3414882990641871,0.598511700935813,0.6285117009358129,0.0,0.0,False,False,False,False,75287fd2-86dd-49b1-a1ab-8a4444b6999f
3,low_traffic,67,98,discrete,resource_efficient,2,MTC,0.8192,1536.0,1024.0,203.0,401.0,33.333333333333336,66.66666666666666,4.0,28.34,16.665,55.00000000000001,28.335,0,RR(cost=1.0),[21],0.0,0.18774390299268817,0.3414882990641871,0.598511700935813,0.6285117009358129,0.0,0.0,False,False,False,False,75287fd2-86dd-49b1-a1ab-8a4444b6999f
3,low_traffic,67,99,discrete,resource_efficient,0,eMBB,28.1152,70288.0,35144.0,1530521.5,3059506.0,50.0,50.0,23.0,16.66,16.665,55.00000000000001,28.335,0,RR(cost=1.0),[21],0.0,0.16095242888301303,0.3451733207447437,0.5948266792552563,0.6248266792552563,0.0,0.0,False,True,False,False,75287fd2-86dd-49b1-a1ab-8a4444b6999f
3,low_traffic,67,99,discrete,resource_efficient,1,URLLC,0.1248,1872.0,156.0,866.0,1399.0,91.66499999999999,8.335000000000008,22.0,55.0,16.665,55.00000000000001,28.335,0,RR(cost=1.0),[21],0.0,0.16095242888301303,0.3451733207447437,0.5948266792552563,0.6248266792552563,0.0,0.0,False,False,False,False,75287fd2-86dd-49b1-a1ab-8a4444b6999f
3,low_traffic,67,99,discrete,resource_efficient,2,MTC,0.8192,1536.0,1024.0,357.8333333333333,1457.0,33.333333333333336,66.66666666666666,4.0,28.34,16.665,55.00000000000001,28.335,0,RR(cost=1.0),[21],0.0,0.16095242888301303,0.3451733207447437,0.5948266792552563,0.6248266792552563,0.0,0.0,False,False,False,False,75287fd2-86dd-49b1-a1ab-8a4444b6999f
3,low_traffic,67,100,discrete,resource_efficient,0,eMBB,28.1152,70288.0,35144.0,1552038.0,3102539.0,50.0,50.0,23.0,21.66,21.665,40.0,38.334999999999994,1,PF(cost=2.0),[46],0.0,0.19146395837033045,0.3933224761965207,0.5466775238034792,0.5766775238034793,0.14999999999999997,0.0,False,True,False,True,75287fd2-86dd-49b1-a1ab-8a4444b6999f
3,low_traffic,67,100,discrete,resource_efficient,1,URLLC,0.4368,2028.0,546.0,483.5,634.0,73.075,26.924999999999997,19.0,40.0,21.665,40.0,38.334999999999994,1,PF(cost=2.0),[46],0.0,0.19146395837033045,0.3933224761965207,0.5466775238034792,0.5766775238034793,0.14999999999999997,0.0,False,False,False,True,75287fd2-86dd-49b1-a1ab-8a4444b6999f
3,low_traffic,67,100,discrete,resource_efficient,2,MTC,0.8192,1536.0,1024.0,176.66666666666666,370.0,33.333333333333336,66.66666666666666,4.0,38.32999999999999,21.665,40.0,38.334999999999994,1,PF(cost=2.0),[46],0.0,0.19146395837033045,0.3933224761965207,0.5466775238034792,0.5766775238034793,0.14999999999999997,0.0,False,False,False,True,75287fd2-86dd-49b1-a1ab-8a4444b6999f
